   10   20
    1
 1051
 1.00 1.20  17.  37.
 1.00 1.00   8.  75.
 1.00 1.00  17.  37.
 1.00 1.20   8.  25.
 1.00 0.90   8.  37.
 1.00 0.80  11.  25.
 1.00 1.10   5.  25.
 1.00 1.10  11.  75.
 1.00 1.20   5.  25.
 1.00 0.80  14.  50.
    0  102   89  101    0    0    0    0   85    0
   96    0  111   90   90   80    0    0    0   87
    0  110   76    0    0    0    0   83   82   96
    0   99  102   92    0  106   85  105   93   98
   93  101  101   97  105  121   78  119   85  109
  118   75  105   86   94   75   82  115   84   76
  100  101  100   91  107  107   85   90   77   97
  123   76  116   90  107  116  104  103  110  105
  101  116   79   96   98  118  112  104  111  102
  100   85  100  115   87  116   92  111  121   81
   90  106  108   75  120   76  113   77   78  117
   78   78  117   75   81  111  119  122   97  120
  109   94   99  112  124  111   82  117   95   93
   96  100  107   84   88  123  115   88   98   85
  114   90   77   98   78   96  107  118  121   81
  118  102  124  114   95  116   78   86  106   99
   97  111   83  103  104  101  122   87   93  115
   83  121  103  107  112  113   80   97   97   83
   80   84   85   99  112  123   89   96  109   79
   92   80   76   85   75   85   79  113   91   89

  Bi   hi   su   su
           time cost
 PSIZE,CV,TBO,TSCAP,AVGCAP =      1    1    1    1    9
