   10   20
    1
 1051
 1.00 0.90  11.  25.
 1.00 1.20   8.  25.
 1.00 0.80   8.  25.
 1.00 0.80  11.  25.
 1.00 1.20  17.  37.
 1.00 1.00  14.  62.
 1.00 0.80   5.  50.
 1.00 0.80  11.  75.
 1.00 1.20  14.  37.
 1.00 1.20  11.  37.
  119  100  103   89   99   76   76    0    0    0
   78    0   80  116  102    0    0    0    0   95
    0    0  124    0    0   83    0   76  110  112
    0    0    0  122   82   86   80  102  124    0
   81   98   98   99  112  117   79   85   93   84
  115  115  116  124   83  104  113   93   84  122
  100  105  101   92  123  113   95   78   89   82
   93  105   79   98  109   90   83   87  120  116
  113   75   86   90  113   92   82   90  100  123
  100   79  107  111   83  102  102   94   97  100
  124   83   75  105   86  115   93  103   88  120
  104   91   78  102   89   82   91  103   85   99
  114  111   77   89   89   81   84  118   85   81
  123   82  108   91   93   78   83   97  119  123
  113   94  117   92  124  116  112  113  111   82
   97   83   77  119   93  118   99   86   84   80
  119  121   95   87   92  111  118   93  100  121
  120  122  121   99   83  119   90   83   82   93
  114   77  116   84  120   89   95  106  119  113
  100   76   92  110   86  100  117   92   97  118

  Bi   hi   su   su
           time cost
 PSIZE,CV,TBO,TSCAP,AVGCAP =      1    1    1    1    9
