   10   20
    1
 1514
 1.00 1.20  65.  62.
 1.00 1.00  54.  50.
 1.00 0.80  43.  75.
 1.00 1.10  32.  50.
 1.00 1.00  65.  62.
 1.00 0.80  43.  50.
 1.00 1.10  21.  37.
 1.00 1.10  54.  25.
 1.00 0.80  32.  50.
 1.00 1.20  65.  75.
    0    0    0    0  117  114  122    0    0  122
  113   78    0    0    0    0  114    0   78   79
    0    0    0  113    0    0  110  103    0   78
   87  116    0    0   83    0    0   96   98   89
   86  118  110  115  111   93  104   98  109   90
  108  122  105  116  120   92   80   99  109  104
  104  115  102   98   96  118   79   75   82  121
  111  123   94  120   78   82   85  121   90   88
  121  108   82   95  117  108   87  124   88  110
   97   86  121   80  108  105   93   98   87  101
  111  122  114  108   91   95   90   89  119   90
   86  102  123  106   84   96  108   99  108   75
  122   82   90  102   84  121   97  102  105  113
   82   82   98   89  108   77   89   89   77  108
   88   78   78  109   85  102   80   76   82  111
  103   86  104   83  102  101   88   85  111   83
  105  110  121   87  122   77   86  118  107  105
  101  113   90  124  111  102  102   92  112  102
  119   86   81  112   76  124   89   87  120  115
  102   98  122  111  122   84  100   82   77  124

  Bi   hi   su   su
           time cost
 PSIZE,CV,TBO,TSCAP,AVGCAP =      1    1    1    2    8
