   10   20
    1
 1051
 1.00 1.20   5.  25.
 1.00 1.10  14.  50.
 1.00 0.80  17.  62.
 1.00 1.00   5.  50.
 1.00 1.00   8.  37.
 1.00 1.00   8.  37.
 1.00 1.20  14.  25.
 1.00 1.00   5.  25.
 1.00 0.90  14.  37.
 1.00 0.90  11.  62.
  117    0   95  116    0    0  124   90  123    0
    0    0    0  124    0   98    0  119   92    0
   83   80   85    0   85  109    0  122   84    0
   97  101   96    0   91    0   97  103  116  111
   94  107   81  116   98   91   96   96   80   76
   83  111   96  116   92   89   79  117  122  115
  118   82  121  112   78  120   88  120   99  119
  110   83  108   87  124   79   83   84  104  102
   78   88  122  110   94   89   88   77  117   82
   76  119  106  111   93  101  105   93  100   98
  112  106  112   99  101  113   85  123   96  103
   96   78   91   87  100  106   81  105   82  120
  105  104  107  108  114  110  102   85  104   95
  115  124   90   95  101   88  111  104   87   99
  100   81   94   76  111  117   82   77  121  103
  111  110   94  121   83   98   76   86   80  101
  123  118   78   93   93   86   81  108  101   96
   89   81   80   96   99   97   88   85  113   95
  119  119   86   80  105   94  104  119   94   75
  108  104  109   95  104  109  122  123  111   86

  Bi   hi   su   su
           time cost
 PSIZE,CV,TBO,TSCAP,AVGCAP =      1    1    1    1    9
