   10   20
    1
 1175
 1.00 0.90   8.  75.
 1.00 0.80   5.  75.
 1.00 1.00  17.  62.
 1.00 0.80  11.  25.
 1.00 1.10  17.  75.
 1.00 0.90   5.  50.
 1.00 1.00  11.  50.
 1.00 0.80   8.  50.
 1.00 0.80   8.  62.
 1.00 0.90   5.  37.
   78  123    0    0    0  105    0   81    0   78
  103   98  113  116   87    0  109   75    0    0
   86    0    0  124    0    0    0   99   92   87
   96   79    0   81  103   75    0    0  107   93
   81   78   83   97   75  107   98  105  120  118
  124   96   92   86   89  101   93  104  122   89
  106  121  121  101  101  120  124  109  115  116
  122  122  106   88  120  108   88   81   92  112
  122  108   79   97  106  108  120   76  117   88
   92   97   92   75   96   90   77  101  103  107
   89  116  120   90  123  102  112   98  120   79
   80  124   92  103   95  102   97  113   98  110
   95  123  112   96  111  110  123  124   88   84
  105  112   75  118  110   97   82  124   83  102
   99  101   87   99   95  107  122   94   77  113
  115  112   98  100   89   97  116  108   96   93
  117  115   82  115   79   99  119   88   96  119
   81   80  100  116   83   95  107  122  120  118
   99  106   91  110  122  117   77  124  124   75
  107  103  111  107   83  104  114  117   86   77

  Bi   hi   su   su
           time cost
 PSIZE,CV,TBO,TSCAP,AVGCAP =      1    1    1    1    8
