   10   20
    1
 1332
 1.00 0.80  11.  37.
 1.00 1.10  17.  37.
 1.00 1.20  14.  25.
 1.00 0.80  14.  75.
 1.00 0.90  14.  62.
 1.00 1.00  11.  37.
 1.00 0.90  17.  75.
 1.00 1.20   5.  37.
 1.00 1.20  17.  25.
 1.00 0.90   8.  62.
  107    0  122  117    0   84   89   77  105    0
    0    0    0    0   88    0    0    0    0    0
    0  114    0    0    0    0    0  123    0    0
   83   85  113    0    0  103  117    0    0    0
   88  122  115   97  114  102  102   96  114   82
  118   98  104   86  120  121   86  118  113   87
   83  116   75   94   77   97  124   99  114  109
   95   79  120   85   75   78   94  101  102  124
   91   99   81  109  105   81   86   88   99   89
  124  120   78  105  111  124  124  124   77  115
   79  124  102  105   88   75  111  118  120   93
   90  103   88   92   99  100   85  120   78   82
   81  100  106  105  110   90   78  104  107   77
  123  117   99   86   86   93  124  110   94   94
  106  103  121   90   94   90  121   94  110  122
  122   79  115  111   94  110  100   98  110   94
   92  124   93  101  108  111  122  112  102   95
   81   88   95  117   80   86   95   80  103   83
  114  112   86   89  102   96  113  103  117  119
  103   95   76   75  115   97   96  119  112   96

  Bi   hi   su   su
           time cost
 PSIZE,CV,TBO,TSCAP,AVGCAP =      1    1    1    1    7
