   10   20
    1
 1354
 1.00 1.00  65.  25.
 1.00 0.80  54.  62.
 1.00 0.90  21.  62.
 1.00 0.90  43.  75.
 1.00 1.20  21.  62.
 1.00 0.90  65.  75.
 1.00 1.10  43.  62.
 1.00 0.80  54.  50.
 1.00 0.80  54.  75.
 1.00 0.80  65.  62.
    0    0    0   77  114    0  121    0    0    0
   77  114  120    0   89  124  114   98    0    0
    0   82  103  112    0   81    0    0    0    0
    0  122    0    0   95   90  114    0   95  121
  102  124   91   76   87   87   88   90   96  102
   90   80  123   91  101  122   81   88   91  102
   82  113  120   83  109   87   95  121  106   97
  111  109  111  120  101  101  122   87  115   87
   95   80  102  124  118  118  110  119  104  103
   82  106   83   92   92   92   90  111   79   80
  121   76  110  107   88   92   93   75  111  119
   97  118   95   81   86   85   88  109   95   77
   91   99  109  106   94   94  108  115  123  113
   93  115   83  119   97   90  100  121  114  119
   99  121  122  113   85  120   83   83   98  123
   91  106  123  103   92  108   79   99  119   85
  104   90  122   96   85   75   87   91  105  113
  110  107  111  109  113   80   97   94  116  105
   82  113  120   83   82   97   79  110   76   93
  109  105   82   92  100   87  109   97   89   96

  Bi   hi   su   su
           time cost
 PSIZE,CV,TBO,TSCAP,AVGCAP =      1    1    1    2    9
