   10   20
    1
 1354
 1.00 1.00  54.  75.
 1.00 1.00  54.  25.
 1.00 0.90  54.  62.
 1.00 1.20  32.  37.
 1.00 0.80  54.  62.
 1.00 1.00  65.  50.
 1.00 1.20  21.  50.
 1.00 1.10  21.  50.
 1.00 0.90  54.  37.
 1.00 1.10  32.  37.
   81    0   97  122  115    0  104    0    0    0
   95  114    0    0    0    0    0   98  121    0
  119   98  118    0    0   97    0  123    0  113
    0    0   87   87    0    0   97    0  106    0
  105   83   99   78   92   86   87   96   79  112
   90  111   85  119  122  101  117   81  122   75
  122   78   86  114   89  121   95   90   90   79
  108  120  122  118  113   81   98  101   91   78
   93   98  118   86   88  104  118  118  110   94
   95   88   77  120  105   79  119   80   75   76
   81  102  120   92   81   79   92   81   81  107
   97  101  103  109  124   88   86  121   78  101
   83   82   89   97  116   87   84  124  108  112
  106  119  107  118   96   96   81  123   83  116
  121   99  107  123   94   95   89   87  119  102
   98   95   86  112   79  117  120   79   87  107
   88  112  112  102   92   93  118  123   90   82
   79   87  111  107   83   80   83  121  105   96
   88  121  105   95   82  118   92  120  119  107
   93   80   92  123   87  111  110  122  120   98

  Bi   hi   su   su
           time cost
 PSIZE,CV,TBO,TSCAP,AVGCAP =      1    1    1    2    9
