   10   20
    1
 1332
 1.00 0.80  17.  37.
 1.00 0.80   8.  25.
 1.00 1.20  17.  50.
 1.00 0.90  14.  62.
 1.00 1.00  14.  50.
 1.00 1.00  14.  62.
 1.00 0.80  11.  62.
 1.00 0.90  17.  25.
 1.00 1.20  11.  50.
 1.00 0.90   8.  50.
    0  115  116    0    0   92   89    0   92    0
    0  113    0    0    0    0  110    0    0  122
    0  111    0   96    0  105  118  107    0    0
  113   94  116    0    0    0    0   88    0   93
   95   96  113  100  101   82  114   80  107  109
  120  115   78   90   86  110  113   92  112   96
  113   98   86   98   96  119  108  123  116   92
   82  116   85   97  106   79  113   96   79   90
  123  103  114   81   94  121   86  115   97  117
   90   98  112   78  116  123  105  105   87   94
  120  102   86  116   96  109  103   98   89   85
  103   85   78   97  122  115   91   88   78   77
  106  122  100  109   98  118   84  107  121   81
   94  121  108   83   79  120   86   77   85  111
   84  105  110   93   82   80   92  121   99  108
   75   75   77   81   94  123   93  115  110  113
  121  115  104  104  119   96  109   82   82  108
   88  104  119   98   94  106   76  121  115  103
  100   99   96   83   87   77   76  106   87  114
  124   78   96  113  103   89  124  116  106   87

  Bi   hi   su   su
           time cost
 PSIZE,CV,TBO,TSCAP,AVGCAP =      1    1    1    1    7
