   10   20
    1
 1051
 1.00 1.10  11.  50.
 1.00 0.90  11.  50.
 1.00 0.80  14.  75.
 1.00 0.90   8.  50.
 1.00 1.00  11.  62.
 1.00 0.80  14.  75.
 1.00 1.10  14.  75.
 1.00 1.00  11.  62.
 1.00 1.20   8.  75.
 1.00 1.20   5.  50.
  100   77    0    0    0  117    0    0   84  124
    0    0  102  124  119    0    0   86    0    0
    0    0   95    0    0  124    0  119    0    0
    0    0    0   87    0   87  124   89    0  105
  105  115   92  120  116  110  111   82  122  117
   80  114   90   77   94  113  114   80   87   99
   96   82  107   91  120   75  108  106  123   81
  104  124  101   97   77  121  108   83  122  109
   86  111  121  108  108  109  111   89   90   85
   98  106  123   79   87  114   75  108  106   94
  122   90   90   76   94  118  116   75   92  111
   98  100   90   77  105  116   75  115   92  117
  102   78  115  115  119  116  120  117  115  108
  105   89  107  119  102   96   81   79   95   98
   98  104  107   84  113   96   81   98   99   83
   87   77  124   75   82  114  120   80  119  115
  117   80  113   82   82  102  107  121   83   80
   83  121  103  112   90   89  120   92   80  122
   86  117  102  106   91  112   83  122  105  111
  122   91  110   90   81  121  123   93  111   85

  Bi   hi   su   su
           time cost
 PSIZE,CV,TBO,TSCAP,AVGCAP =      1    1    1    1    9
