   10   20
    1
 1716
 1.00 1.20  65.  37.
 1.00 1.10  54.  37.
 1.00 1.20  43.  62.
 1.00 1.10  54.  75.
 1.00 1.10  65.  37.
 1.00 1.20  32.  37.
 1.00 1.00  43.  50.
 1.00 1.00  21.  50.
 1.00 1.20  65.  75.
 1.00 1.10  43.  62.
  121    0    0   96    0  110   93    0    0   91
    0    0    0  109   77  108    0    0   81    0
    0    0    0    0   87    0    0   91    0   98
  119   88    0  113    0    0    0    0    0   99
   86   87   94  121   85  113   89  102   90   92
   79  117  122  114   86  123   92   78   93   94
  116  109   76  124   87  124   89  112  101   86
   75  120  118  124  123   97   81   96   82  110
   98  117  105   99  107   93  109  124   90   92
   82  118   92   96  115  110   89   96  112  119
  116   92   82  114   76  115   83   96  115  110
  117   90  105   97  123   97  108   89  110   83
   90   86  105   88   79   78  103   97   85  121
   83   75  103   76   96  123   84   89   77  113
  111  112  104   82   97   82  102  111  118   88
  105  121  104   84   90   79  115  104   85   91
   78   96  111  118   87  122   75   96   92   85
  106  106  110   86  104   78   79  115  111  120
   76   89   97  123   93  114   80   82   75  106
   96  107   94   85   95   89  109   85  123  102

  Bi   hi   su   su
           time cost
 PSIZE,CV,TBO,TSCAP,AVGCAP =      1    1    1    2    7
