   10   20
    1
 1354
 1.00 1.10  21.  50.
 1.00 1.20  54.  25.
 1.00 1.20  21.  25.
 1.00 1.20  65.  62.
 1.00 1.20  43.  37.
 1.00 0.90  32.  25.
 1.00 0.90  43.  25.
 1.00 1.10  65.  25.
 1.00 1.20  32.  25.
 1.00 1.00  54.  37.
    0    0    0    0    0    0  114    0  112  103
    0  115    0   98  100    0    0    0   89   92
   90   88  115   78   88    0    0    0  103    0
   84    0   75  116    0  110    0    0  117    0
   87  118  105   91  111   99  112   96  110  107
   84  112   99  103  122   97  115   79   78  100
   83  110   99   87  121  114  119  121   96   91
   83   96  122   95  108  104   91   98  108  108
   83  103  100  102   84   76   99   98  118   89
  105  117   77  121  112   78   94   99  108  104
  111  102  103  124  106   81   75  118  111   93
  104  101  100   91  101   77   89   89   83   91
   96  101  103  113   92   86  111  122   87  118
  104  112  107  123   95  102   97  111  110  121
   86  100  108  119  116   96  110   81   95   82
   87   84  117   78   98  120   80   85   92   75
  122   85   78  105  107  101   79  100  124  106
   80  120   75  110  113   94  118   90   93   88
  113  116  112  122  106  113  101  108  111  123
   92   81   86   80  108  109  113  102  112  101

  Bi   hi   su   su
           time cost
 PSIZE,CV,TBO,TSCAP,AVGCAP =      1    1    1    2    9
