   10   20
    1
 1354
 1.00 1.10  65.  62.
 1.00 1.00  21.  62.
 1.00 1.20  21.  75.
 1.00 1.10  65.  37.
 1.00 1.20  65.  37.
 1.00 1.00  65.  25.
 1.00 0.80  65.  25.
 1.00 0.80  21.  50.
 1.00 1.00  32.  25.
 1.00 1.00  21.  62.
   76    0   84  100    0   84   94    0    0   85
  123  101    0   79  108  122    0   77    0    0
  109    0  117   78   77  110    0    0    0   95
    0    0  117    0    0  106    0   76  112  117
   79  106  109  106   87   86   85   80  110   77
  122  109  108  103  103  117  119   77   82  100
   97   85   93   84   96  104   78   99  121  101
   96  114   83  104  111   79  104   97   79   85
   94   88  110  102  109  105  114   86   97   92
   79   96  103  118   75  104   82  100   97  109
  120  116   85  101   79  124  108   88  102  105
   82   93  109   75   96   88   95  120   92  108
   78  117   78   99   79  119   80   99  113  102
   90  106  110  111  108  109  114  106   76  122
  124  118  118  115   94   79   76   92  114  107
   81  123   83   85  112   82   87   83  118   85
  113   91  105   96   90  109  122   81  105   82
  118   91   98  110  119  123   87   84  116  117
   98  111  122  117   75   84  124  113  114  104
   89   92   91  112   88  122  114  111   79  101

  Bi   hi   su   su
           time cost
 PSIZE,CV,TBO,TSCAP,AVGCAP =      1    1    1    2    9
