   10   20
    1
 1716
 1.00 1.10  54.  50.
 1.00 0.80  21.  75.
 1.00 0.80  21.  37.
 1.00 1.00  21.  75.
 1.00 1.20  43.  50.
 1.00 0.90  21.  50.
 1.00 1.10  32.  75.
 1.00 0.80  65.  37.
 1.00 1.00  32.  37.
 1.00 0.90  21.  50.
  113    0  121  104   88    0   96   75    0  116
   85   79  107  113    0   98   76  112    0    0
    0    0  119   84  116  124  107  106    0    0
   76  100    0    0  100    0  100   76  117    0
   90  114  100  121  115  123  109  124  117  111
  104  113  115   86  116  100  102  110   90   80
  115   97  117  118   94  104  113   90  106  105
   83  122  105  114   83   81   89  104  107   84
  113   99   93  123   98  116  101  112  106   94
   92  100  112   87  122  120   95  120   95  123
   87  115   81  115   88  122  116   76  119  106
  114   82  100   97  107  109  117   77   91  104
   88   82  104  117  108   91  122   92  112  102
  121  122   86   88  101   96   94   98   84  105
  108  105  114  114  122  114  113  112  116   99
   75   91  119  124  109  120  119  100  104  122
   92   89  104  105   99   82  108   95  112   77
   83   97  124  105   96   91  103   81  101  109
   93  116  113  121   91  122  108   78  121  102
   75  101  112  108   98   78  124  112  109   86

  Bi   hi   su   su
           time cost
 PSIZE,CV,TBO,TSCAP,AVGCAP =      1    1    1    2    7
