   10   20
    1
 1051
 1.00 1.10   8.  50.
 1.00 1.00  14.  37.
 1.00 1.20  11.  37.
 1.00 1.10   8.  62.
 1.00 1.20  14.  62.
 1.00 1.10   8.  75.
 1.00 1.10  17.  50.
 1.00 1.00  17.  50.
 1.00 0.80  11.  50.
 1.00 1.00  11.  50.
    0    0  118    0    0   95  104    0   97   92
   77    0    0  118  108    0    0   76    0    0
    0    0   85   98  108  102  103   99   94  124
   98    0    0  108   86  119    0    0    0    0
   97  119  100  106  104   99   91   88  112  106
   89  102   96  116   87  116   90   82   87   75
  121  121   85  110   77  122  110  118  122  107
  121  113  110   79  113   92  108  103  100   81
  118  111  123   88  119   96  109  105  106  117
   98   87   98   88   82   97   76  116   87   88
   97   78  101   87   75  120  115  111   91  120
   76  114   81  115   86   95   78   94  102  106
  114  109   92   86   87   93  110   85  119   75
  122   78  115  113  104   76  110  111  106  101
  108  112   78  117  124   79  110   77  120  102
  112   76  122   76  103  117  118   94   82   77
  119   96  105  111  121   77  121  106   98  116
   77  105  120   99  119   83   93  100   81  122
   76   97   88   85  116  111  112  107   99  112
   76  100  102   87  115   83  100   85   76   85

  Bi   hi   su   su
           time cost
 PSIZE,CV,TBO,TSCAP,AVGCAP =      1    1    1    1    9
