   10   20
    1
 1514
 1.00 1.20  65.  37.
 1.00 1.00  32.  37.
 1.00 0.90  65.  75.
 1.00 1.20  43.  50.
 1.00 1.00  65.  37.
 1.00 0.90  54.  62.
 1.00 1.20  43.  62.
 1.00 0.80  65.  50.
 1.00 0.80  21.  75.
 1.00 0.90  21.  62.
  113   96  100    0    0  106   96    0  118    0
    0    0  112    0    0  113    0    0    0    0
  120   85  116    0   94    0   78    0    0    0
    0  111   77    0  101    0    0   83    0   93
  122  101  112   80  104   83   78  120   96  103
  119   83  112  106   92  111  114  120  103  116
   92  106   97  107   88  111  104   85  116  107
   94   90   96  101   83   80   78   97  117  115
   79  119   80   78   92   93   91   84   87  110
  108   96  114  107   77  124  124  122   91  115
  102  120  120  112  110  117  111   87  122  123
  112  114  112  109   84   97  115   79   96  106
   84   97  109   94   79  100   77  102   99  106
   89   98  123   90  108  117   81   90  113   96
  105  108   78  123  110   80   91  122   91  114
   97  102  105   83  100   84   92   87  118  104
   83   82   92  101   86  122   81   86   83  122
  112   99  103  101  103   83   87  120  116  112
  116  123  107   88   86  122   83  118   87  121
  117  110   99   97   88   85  116  102  119  109

  Bi   hi   su   su
           time cost
 PSIZE,CV,TBO,TSCAP,AVGCAP =      1    1    1    2    8
