   10   20
    1
 1716
 1.00 0.90  65.  25.
 1.00 1.00  43.  62.
 1.00 0.80  54.  37.
 1.00 0.90  21.  37.
 1.00 1.20  21.  37.
 1.00 0.90  43.  75.
 1.00 0.80  65.  62.
 1.00 1.10  54.  37.
 1.00 1.20  65.  75.
 1.00 1.20  32.  50.
    0  111    0    0    0    0  114    0    0  110
   95  124    0    0    0    0   93   82   76  120
  110   80  112   81  112    0  120    0    0   97
   89    0  107   93   82    0    0   95    0    0
  112  104  102  107   94   87  108   94   81  115
   88  100   92   77   85  117  115   77  107   83
  107   78   78  118   80   77   97  123   94  121
   82   98   85  106  110   81   95   82  111  110
  121   89   87  115   85  111   81   84   78  108
   75  103   81   96   86   82  112  113  104  123
   97   81   94   75   81  106   94  118   97   94
  114   95   96   87  110  108  123  112  118  108
  106  121  116  105   83   99   77  111  100   89
   98   75  124   94   82   97   85   93   78  107
  121  112  110  115   81   81  108   93   80   91
   76   81  106   86   80  108  107   79   83   82
   94  114  123   96   77  106  119   88   93  106
  106   89   98   78   90   90   77  103  106  107
  119  101  113  111  110  124  106   77   79   78
  102   95   82   87   82  110  100   79  110  124

  Bi   hi   su   su
           time cost
 PSIZE,CV,TBO,TSCAP,AVGCAP =      1    1    1    2    7
