   10   20
    1
 1175
 1.00 1.20  14.  50.
 1.00 1.20   8.  25.
 1.00 1.00  17.  37.
 1.00 1.10  14.  62.
 1.00 0.90  14.  25.
 1.00 1.10   8.  75.
 1.00 1.10   5.  25.
 1.00 0.90  17.  62.
 1.00 0.80  14.  25.
 1.00 0.90  11.  75.
    0    0   92  102  119  114    0   80  116  102
   92  113  103  120    0    0    0  106    0   83
   79    0  100    0    0   93  123    0   87  108
   97    0    0  107   77  115    0    0    0    0
   84  111   89  114  113   87   87   83  114  117
   82  104  117   92  101  110   98   87   94  122
  114   84  111   92   99   78   87  117   96   98
  118  116  100  102  113   77  103  105   81   88
   93  104   99  110  116   83  114  120   78  102
   95   80  108  108   83  122  109   83   88   78
   78  110   93   81  100  109   98   92   96   87
  110  108   99  102   96   86  109  108  124   97
  123   76  118  102  120   97   78  101   91  100
  119  123  109  104   76   85   79  102   88   97
  123   78   81   77   82   96   80   96   92  111
   95  112   81   80  101  120   99  122   96  115
   87   93  117  115   80  103   83   89   84   95
  103   81   77   78  119   94   94  114  118   92
   99   78   85  103   86  106   95  104  108  111
  123   95   77   82   99   90  105  102  123   89

  Bi   hi   su   su
           time cost
 PSIZE,CV,TBO,TSCAP,AVGCAP =      1    1    1    1    8
