   10   20
    1
 1514
 1.00 1.10  43.  62.
 1.00 0.80  54.  37.
 1.00 0.80  32.  37.
 1.00 0.80  32.  62.
 1.00 1.20  54.  62.
 1.00 0.90  65.  37.
 1.00 1.00  21.  62.
 1.00 0.80  54.  25.
 1.00 1.20  54.  25.
 1.00 1.00  21.  50.
    0    0   75    0   80   81    0    0    0    0
    0  118    0    0    0  106    0  102    0    0
    0  117    0  106    0    0   80   93    0   93
  119    0  111  104  111    0   78   77  113  111
   90   89   75   96   88   98   83   96  119  106
  114   82   96   76   92  113  105  124  120   78
   80  123   95  119   93  119  105  105   90  114
   97  103   90   81  121   75   77   84  108  118
   92   93   96  100   82  103  111  113   90   78
  110   88   83  109   85   81  117  102   82   89
   92   92  119  109  105   86  115   90   88  118
   95   87   97   88   84  110   83  111   93  106
  108  122  110   85   75   80  103   85  122   88
  101   98   82   94  115   77  112  109   86  109
  108  122  111   95   92  114   88   81   93  113
   77   75   99  107   98  108   80   82  124  124
   81  111  122  111  119   91   86   94   76  110
  112   86   89  111   88  111  104  109   92   91
  107  105  122   82   83  110   97  103   90   82
   75  113   80   97   96   99   99  103  120   89

  Bi   hi   su   su
           time cost
 PSIZE,CV,TBO,TSCAP,AVGCAP =      1    1    1    2    8
