   10   20
    1
 1175
 1.00 1.20   5.  37.
 1.00 1.10   8.  37.
 1.00 0.80  17.  25.
 1.00 1.20   5.  62.
 1.00 1.20   5.  62.
 1.00 1.20   8.  37.
 1.00 1.20  17.  62.
 1.00 1.20  14.  75.
 1.00 1.10  17.  37.
 1.00 1.10  11.  25.
    0   79    0   91    0   95    0   91   84    0
    0    0    0  108    0    0    0  122    0   90
    0   89   81    0  122  109  104  105    0    0
   77  108   87    0  103    0   92   83  119    0
  102   98  102   94  105  120  117   95   96   86
  107  102  103  102  115  112   81  105   83  120
   96   80  121   81   88   95  118  107  103   91
   76  106   86  109  109   81   75  120   75   83
  123  116  112   95   76   83  110   98  109   90
   82   84  109   79   97  103   90  106  106  113
  121   94  108   91   92   75   99  101  114   93
   79   86  104   80  113   84   94   99   84  124
  111  106   98   97   97   76   93  113  119  109
   77   81   92  113   82  106   76   96   80   97
  103  112   89   80   81  112  118  111   96   97
   85   99  109  112  118  108  106   75   90  113
   96  109  123   86  104   84  108  124  123   95
  122  111  116   81  103  124  110  102   79   99
  118   78  120   95  123  109  102   90  112   90
  110   79  113   89   76  104  122   87  117   94

  Bi   hi   su   su
           time cost
 PSIZE,CV,TBO,TSCAP,AVGCAP =      1    1    1    1    8
