   10   20
    1
 1716
 1.00 1.10  54.  37.
 1.00 0.90  65.  62.
 1.00 1.00  65.  62.
 1.00 0.90  54.  75.
 1.00 1.10  54.  50.
 1.00 1.00  21.  62.
 1.00 0.90  65.  25.
 1.00 0.90  21.  62.
 1.00 0.90  43.  25.
 1.00 0.80  21.  37.
   95    0  106   80    0    0    0   99   78  109
   82    0  111  100  115    0    0   75   98    0
    0    0    0    0   97  116   83    0    0   96
  120    0    0   76  113  122  123    0  122    0
   91  111   80  110  118   97  119  100   82   79
   80  118  120  121   89  112  103  101  104   91
   99  113  101   77  118   92   95  109  108   75
   98  100  118   93  105   76  105   79   98  117
   79  108  119  123  101   86  119  113  107   86
  104   79   86   98  103   80  120   78   79  117
  122   92   92   84   76  102  111   97  121   86
   98   96  120   86  102  119   89  105  110   90
  123  102  113  106   81   81  102  121   96   95
  104   81   95   77   82   97   82   75  117  100
   95  124  116  104  103  109   99   75  122   81
   79   98  110  119  103  121   94   77  123  115
   86  115   95  105   90   91   77   91   96   99
   94  124  103  109  124   86   75  122   79   95
   96  114  101   99   90   78  108   81   86   85
   83   76  111  112  104  109   90   83   87  120

  Bi   hi   su   su
           time cost
 PSIZE,CV,TBO,TSCAP,AVGCAP =      1    1    1    2    7
