   10   20
    1
 1175
 1.00 0.90  14.  62.
 1.00 1.20   5.  62.
 1.00 0.80  14.  62.
 1.00 0.90   8.  50.
 1.00 1.00  11.  62.
 1.00 1.20  17.  50.
 1.00 0.80   8.  25.
 1.00 0.80  14.  37.
 1.00 1.10  14.  62.
 1.00 0.90   5.  62.
  103   78    0  105   96    0  106  114  105  120
   96    0  102    0    0  114  115  122    0  109
    0   79  113    0   90  119    0   94    0  101
    0   84    0    0    0    0    0    0    0    0
  120  116  113   75   91  112   87  117   96   98
  114   92  121   77   87   83  112  103  120   90
   96  106  115  108  106   94   95   91   92  119
  118   76  108   97   97   84  109   81  109  101
  113   91  108  108  111   93   82  106  124  114
  122   86   86   94   76  113  120  111   81  115
   90   87  110  107   88   85  117  111   81  120
  112   90   88  115   75   76   77   80   81  119
  111  115   94  107  103  115   86  113   80  121
   83   97  122   96   84  121   97  123  124   84
  107  119  101  109  112  102   91  110   94   92
  122   79  121   92   92  117   78  104  101  100
   89  121   99   86   81  112   75   96   82   85
  124  100   94  116  105   78  116  124  111   79
   99  122  101  117  107   85  117  113  118  101
   97   75  107  101  102   75   96   85  101   78

  Bi   hi   su   su
           time cost
 PSIZE,CV,TBO,TSCAP,AVGCAP =      1    1    1    1    8
