   10   20
    1
 1514
 1.00 1.20  43.  75.
 1.00 1.20  54.  75.
 1.00 0.80  32.  62.
 1.00 1.00  65.  37.
 1.00 1.00  43.  62.
 1.00 0.80  21.  37.
 1.00 0.90  54.  75.
 1.00 0.90  54.  62.
 1.00 0.80  54.  62.
 1.00 1.00  32.  50.
    0   94    0   78    0  110  117   91   77    0
    0   79  122   96   84    0  103   99  115  119
    0    0   91  108  113    0    0  118    0   86
   76    0  109    0  119    0    0    0    0    0
  123   77  123  122  121   97  124   75  110  112
   88  101   94  111  101   97   99   86  112   77
  113  108  121   84  102   95  105   84  103  101
  104  114  118  120  124   82   96   76   75  111
  118   92   93   97  109  120  115  110  114   75
   79   96  103   94   94   86  119  117  102  106
  120  113  117   98   82  120  103   93   88  118
   92  118   78   96  115   81   87   91  110  123
   99   97  112   87  121  115   75   75  124   96
   97  111   81  117  101   77   85  118  121   76
   85  123   96  102   90  111   86   94   80  112
   84   98  122  109   80  104   85   91  122   83
  120  100  122   96   86   87   96   77   78  122
  109   80   77   86   75  123   89  120   98  111
   75  104   87  103  119  103   98   93  101   76
  113  121   95   84  107  116   87  107   95  118

  Bi   hi   su   su
           time cost
 PSIZE,CV,TBO,TSCAP,AVGCAP =      1    1    1    2    8
