   10   20
    1
  999
 1.00 0.90  14. 250.
 1.00 1.00  11. 150.
 1.00 1.20   8. 150.
 1.00 0.80   8. 100.
 1.00 1.20   5. 300.
 1.00 1.00   5. 300.
 1.00 1.00  14. 150.
 1.00 1.20  17. 200.
 1.00 1.00   8. 150.
 1.00 0.90   8. 200.
    0    0    0    0   96    0    0  115    0  101
    0  115  105   86    0  101  105    0  118  117
    0   76  117    0  107    0  115    0    0   88
    0    0    0    0    0    0    0    0   82    0
   95  124   92  123  116  110  108   94   83   76
  107   88  115   77  107   80  118  110   97  106
   77   78   75   90  118  122   88  119  104   75
   81  110  112   89  107  122   94   98   85   85
   94   93   77  102  102  122  103   98  113  115
   83  121   99  115  111  122  112  122   79  121
   84  109   83  113  112   92  117   76  115   86
  119  113  102   88  101   95  113   87  108   99
   82   87   82  111  108  104  114  121   85   84
   91   81   89  102   91   88  105  120   95   91
   98  104   89   89   84  101   83  104  110   94
   90  123  104  123  121  114  120   80   89  114
  109   93  112   96  111   85  115  105  111   97
  124   84   83   89   82   91  108  110   96   76
   98   86  120  120  111  104   93   75  115   95
  110  115   85  106  103  121   90  121   90   94

  Bi   hi   su   su
           time cost
 PSIZE,CV,TBO,TSCAP,AVGCAP =      1    1    2    1    9
