   10   20
    1
 1117
 1.00 0.80  17. 250.
 1.00 1.20  17. 200.
 1.00 1.10  17. 300.
 1.00 0.90  14. 100.
 1.00 0.90  17. 200.
 1.00 0.90  11. 200.
 1.00 0.90  17. 200.
 1.00 0.80  14. 100.
 1.00 1.10   5. 250.
 1.00 1.20   5. 150.
   99    0    0    0    0    0   99    0    0    0
  105    0    0    0   99    0    0  101    0   84
    0    0    0    0   93    0    0    0    0   84
    0   81    0   98    0   77    0  113   94   95
  118  106   98  121  100   93   87   85   76   91
  112   80   79  102   85   80  115   99  106   93
  112  119  110   89  118   88  101  105  116  123
   82  101  106  121  119  121   92   76   98   91
   99  112   76   75  115   91  114   90   95   98
   75  105   85   85   95   93  123   78   80  122
   88  101   99  110   83  114  108   93  123  100
   77  122  113  105   79   97  108  113   87   86
   84   81  123   85  124  104  117  112  113  104
  124   97  104   93  107  114  121  110  122  123
  108   99   82   86   77   85  112   92  112  100
  107   91   79  104   94   88  105  122  110   90
   99  124  109   95   76  105   80   83   75   95
   88   77  113  117   93  105  106   93  115   86
   90  112   93   94   95  117  104  119   98   96
  114   82  121  111  103   87  106   86   86   89

  Bi   hi   su   su
           time cost
 PSIZE,CV,TBO,TSCAP,AVGCAP =      1    1    2    1    8
