   10   20
    1
 1266
 1.00 1.20   8. 200.
 1.00 1.10  17. 100.
 1.00 1.00   8. 300.
 1.00 1.10  17. 200.
 1.00 1.10  14. 150.
 1.00 0.80  14. 250.
 1.00 1.20  14. 200.
 1.00 0.90  14. 250.
 1.00 1.00  17. 200.
 1.00 1.00  14. 150.
    0    0    0    0    0    0   99   93   96    0
  109   85    0    0  102    0    0  109  123  111
  107  107    0   80   86   95    0   86   86   95
   78  119    0    0   86  105    0   85    0    0
   98   90   97  107  109   90   87  108   99  112
  117   80  115   96  110   87   79   95   93   98
  114   89   91   88  110   94  115  102   78   84
  103   96   75   93  122  121   98   84   79  116
  111  116  103   90   80  120   76   93  116  113
  100  103   89  100   82  107   84  118  121   84
   79  120   82  107   87   78   84   97  114   97
  100   96  124   87   79   90  123  105   76  108
   90  121   87  124   89  115  116  120   89  123
  108  122  108   82   91  104   89  121   95  117
  103  111   84  109   76  100  106   78  113  103
  118  102   95   85   80  114   96   98   92   91
   94   81  119  109  111  112   84   75   99  100
  108   92  115  118  108   86  118  107   80   85
   87  107   92   99   80  124   96  118   80   78
   97  116   88   92  102   96   88   93  103  122

  Bi   hi   su   su
           time cost
 PSIZE,CV,TBO,TSCAP,AVGCAP =      1    1    2    1    7
