   10   20
    1
 1266
 1.00 0.90  14. 200.
 1.00 1.20   8. 250.
 1.00 1.00   8. 100.
 1.00 0.80   5. 250.
 1.00 1.20  11. 100.
 1.00 0.90  11. 300.
 1.00 0.90  14. 250.
 1.00 0.90   5. 200.
 1.00 1.10   5. 150.
 1.00 1.10  17. 150.
   96   94    0    0    0    0   92    0    0   89
    0    0    0    0   88   88    0   75  120    0
  107    0    0    0    0   77    0   94    0  106
  107    0    0   99  107    0    0    0  107    0
  108   87  102  111  121  107  124   80   87  102
  109  107  122  115  116  101   85   85   92   80
  124   96  119  112  118   84   80  119  121   95
  110  117   96  120   94  111  104   92   97  122
   88   76  110  106  109  102  116   96  102  117
  101  101  120   79  108  118   89  112   99  105
   83  122  110   92   76   77   77  120   96  105
  106   89  103  100   76   91  104  114  115   80
   76   85  121   88   83  103  100  102  114   84
   83   91   97  102   80   76   88   91   92  120
  115  107  101   79   76   93  114  124  106   97
   89   94  102  102  119   85  107  110   76   89
   99   78   87  116   92   83  117   82  103  109
   77  109   89   79  123  103   93   89   77  105
  120   99   91   89  112  103  124   86  117  107
  110   76   89  104  101   76   84  116  119   82

  Bi   hi   su   su
           time cost
 PSIZE,CV,TBO,TSCAP,AVGCAP =      1    1    2    1    7
