   10   20
    1
 1458
 1.00 0.90  65. 200.
 1.00 1.20  65. 200.
 1.00 0.80  32. 300.
 1.00 1.10  32. 150.
 1.00 1.20  43. 300.
 1.00 1.20  54. 300.
 1.00 0.90  65. 250.
 1.00 0.80  65. 250.
 1.00 1.10  54. 200.
 1.00 0.80  65. 150.
    0    0  112    0  118   98    0  116    0    0
  123  106   80   98    0    0  117    0    0    0
    0   90  100    0    0    0    0    0  110    0
    0    0    0    0    0    0    0    0    0    0
   90  103   94  116  107   91  103   83  118   81
  117   99   88   94  116   77  108   84  102   94
  100  118  121  108   82  120  103  114   79   83
   87  122  121  100   90   77   98   80  108  107
   77  120  102   88   98   86   88  102  108   76
   82  103  119   80  118  118  113   86   80  100
  115  110   87   86   78   97  113   92   85   80
  112   83   91   96   99  121  123  118  123  118
   99   82   88   88   78   75  103  121  117   89
  119   83  117   87   78   82   90  103   88  121
  104   94   81  119  109   84   96  109  102   97
   91  119  120   89   93  101   80  108  112  106
  114  109   90   87  106   85  107  105   98  100
  114   79   80  116   99   75  115  100   81   75
  117  105   76  104  120  105   99   84  120   90
  100   80   91  124   95   95  107  101   99  110

  Bi   hi   su   su
           time cost
 PSIZE,CV,TBO,TSCAP,AVGCAP =      1    1    2    2    7
