   10   20
    1
 1458
 1.00 1.20  54. 300.
 1.00 0.80  21. 200.
 1.00 1.20  43. 200.
 1.00 1.00  65. 200.
 1.00 1.20  32. 100.
 1.00 1.10  54. 300.
 1.00 0.90  21. 300.
 1.00 0.80  21. 300.
 1.00 0.90  32. 250.
 1.00 1.10  43. 150.
    0    0   87  116    0    0  106  106    0   97
  113    0   89    0   85  106    0   96    0    0
   81   90  106  105    0   90    0  112    0  113
   93    0    0    0   94    0   78    0    0   96
  115   85  107  109   75  116   98   91   98  104
   87  104   78  123  112  114  112   86  113   82
  109   95   79  102   83  119   94   75  105   90
   91   78  117   81  117  101  101   96  116  117
   99   94  120  104  120   82   75  115   89  114
  107   82  100   97  110  100   99  120  114   80
  108  109   92   87  117   92   82   85  124   98
   85   88  111  101  100   88   90   95   94   79
   82   82  103  111  111   79   77   99   84   98
  120   97   83  112  100   86   76   79   90  124
  108  112  104   86  118  111  100   92  105   81
   87   89  104  100  122  119  110   88  118   86
   97   93   78  111   90   96  102   89  105  113
   81  121   76  107   96   94  121   86  119  120
   87  109  103  121   90   94   89   90   91   82
  122  122  101  116  103  123   76  118  106  118

  Bi   hi   su   su
           time cost
 PSIZE,CV,TBO,TSCAP,AVGCAP =      1    1    2    2    7
