   10   20
    1
  999
 1.00 0.90  14. 250.
 1.00 1.10  14. 150.
 1.00 1.10  17. 250.
 1.00 0.80  14. 150.
 1.00 1.00  17. 100.
 1.00 0.80   8. 250.
 1.00 1.20   8. 250.
 1.00 1.00  17. 150.
 1.00 1.10   8. 300.
 1.00 0.90   5. 100.
    0  110    0  111  105   95  104    0    0    0
   93    0    0   92    0  100    0  101   87   77
   80    0    0    0   79    0  111    0    0    0
   93   96  101    0    0    0    0   91    0   98
  114   91   77   91   98  107   77   97  124   78
   75   99  100  110  124   84  108   77  113  115
   84   78  106  116  119   81   82  108   92  120
  117   97   78   99   76  101  111  100   91  105
   94   83  103  100   80  117  104   95   90   91
   81  114   85   87  105   84   79  112   95   78
   92   91  121   79  106  105  105  114  110  121
  118   89   82   94  108  114  116   83   90   94
   91  119  118   80  105   95   85   82  121  114
  121  106   76  121  119  121   97  104   90  122
   93  123  101  111  124   96   76   96   77  105
  118  108  108   78  122  103   96   80  100  114
  101  124  121   84   78  114  111   78  122  105
   86   85   88  109   98  116   76  102  107  122
  119  116  119  104   81  115   90   89   75   97
   93  110   79   86  102  123  114  101   77   87

  Bi   hi   su   su
           time cost
 PSIZE,CV,TBO,TSCAP,AVGCAP =      1    1    2    1    9
