   10   20
    1
 1117
 1.00 0.80  11. 150.
 1.00 0.90  17. 150.
 1.00 0.90  14. 100.
 1.00 1.10   8. 100.
 1.00 1.00   5. 150.
 1.00 1.20  17. 100.
 1.00 1.20   5. 200.
 1.00 1.00   5. 200.
 1.00 1.20   8. 300.
 1.00 1.10  11. 150.
    0    0  124   91  102    0  116  123   82   82
    0   98   81    0    0  101  101    0   88  104
    0    0   98    0    0   91   91    0    0    0
  118    0    0  101   82  124    0  120    0  116
  123  104   98  107  102  106  114   82  101  100
  114   77   96  118  104  107  111   82  118   98
  124   77  112  113   80   91   76   88   89   89
   86  113   79  116  108  124   93   77  105  116
  100  106  104  101  101   92   99   78   88   77
  113  118   99  110   87   81  102  114   88  108
   89   84  100  124   85   92  121   75   78   95
  103   75   92  116  122   97  119   75   93  122
   76  122   77  108   85   88  106   80   97   93
   86   76   84  116  117   75  107   96  102   87
  121  117   87  104   75  111  117  110  100   97
   80   90  115  111  120   75   86   88  102  108
   75  103  122   99  103  124  109   88   78  117
   82   98   91  118  117   84  111   94  104  118
  116  123  110   77   98   82   94  115  103  102
   82  115   79  124  108   86   93   76   92  111

  Bi   hi   su   su
           time cost
 PSIZE,CV,TBO,TSCAP,AVGCAP =      1    1    2    1    8
