   10   20
    1
 1286
 1.00 1.10  32. 300.
 1.00 0.80  65. 100.
 1.00 0.80  21. 150.
 1.00 0.80  43. 200.
 1.00 1.10  43. 250.
 1.00 0.90  65. 300.
 1.00 1.20  54. 250.
 1.00 1.20  43. 200.
 1.00 1.20  43. 250.
 1.00 0.80  65. 300.
   88  107    0    0  119  113    0  108    0    0
  103    0  113  115   80    0   88   80    0  117
    0    0    0    0   81    0   82    0    0  107
    0    0  115    0    0    0  112    0    0   79
   76   89  101   83  105  116   96   87  109  105
  102   78   84  102   92  117   76   92  107   75
   81  110  115  105  119  111  116  109  100   82
   99   97  111   85  112   88   98   84  101   88
  107   80   94   77   94  114   94  110   77   92
  102   93   75  109  112  101  111   77  116   81
  124   90   97  110  101   76  108   98   79   75
   91  113   88  123  117  119  122   78  115  113
  107  116   88   89   91   98  103   82   80   87
  104  122  116   96   76  102  107  101  101   95
   89   80   80  108  115  118  111   96   95   98
  101  124  121  109   89  102   92   89  105  113
   81  102  119  113  124  109   96   83  115  117
   80  117  104  119  121   97  103  113   95  101
  119   93   89  102   93   97   80  116  105  106
  120   88  116   78  110   86   82  113  119  106

  Bi   hi   su   su
           time cost
 PSIZE,CV,TBO,TSCAP,AVGCAP =      1    1    2    2    8
