   10   20
    1
 1286
 1.00 1.10  21. 250.
 1.00 0.90  54. 100.
 1.00 1.00  54. 250.
 1.00 1.00  43. 100.
 1.00 1.00  21. 100.
 1.00 0.80  21. 250.
 1.00 0.80  65. 100.
 1.00 1.20  32. 150.
 1.00 0.80  21. 300.
 1.00 1.20  43. 100.
   80    0   77   97    0    0    0    0   85    0
  121   77   92    0   75    0   80   96   97    0
    0    0  120    0    0    0    0    0   88    0
   93   89    0    0    0  112   86    0  104  112
   82   91   96  117   94  116   80   98  105  119
  112  101   90   91   84   81   81  106   85   81
  119  109   78  108   84  103   94  117   88   88
   84  111   91   90   92   82  108   96  113   75
  116   95   78  116  118   78  120   88   94  108
   88   82   96   75  113   85  101  120   78  107
  118   97   97  104  118   92  118   82   92  109
   80  121   87   95   78  118   82  116   83   93
   98  113  112   92   95  101  120  124  107  109
   95   75  123   90  107  109   97   92   75  100
  109  100   78   81   80  101  122   87   94  120
   77  101   95   86  117  103  111   91   95   91
   87   76  117   97  106   81  103  123   78   83
   94  103  108   94  105  121   96  123   77   77
  116   79   90   75   91  111   99   86   86   90
  107  120  101   80   85   92  124  114   76  109

  Bi   hi   su   su
           time cost
 PSIZE,CV,TBO,TSCAP,AVGCAP =      1    1    2    2    8
