   10   20
    1
 1151
 1.00 1.00  21. 300.
 1.00 0.80  54. 100.
 1.00 0.80  32. 100.
 1.00 1.00  32. 300.
 1.00 0.80  32. 200.
 1.00 1.00  65. 300.
 1.00 1.00  54. 250.
 1.00 1.20  54. 150.
 1.00 1.10  43. 100.
 1.00 1.00  43. 200.
    0    0  112    0    0    0    0   95    0  101
  124   95    0    0   96    0  106    0    0    0
    0   95    0  104    0   99    0  105    0   85
    0  112    0  110    0    0   82    0  110    0
  117   95   92  118  107   83   76  111  112   81
   77   82  101  104  111   80  110  121  116   80
  121   81   88   97   75  108  107  123   76   92
  108  102   79   93   88  116   77  104  115  124
  116  106  113  102  111  122  113   77   79   77
  100   94  113   91   89  110   93   84  117  123
  100   78  102   97  116  108  100   88  111  110
  119  102  114   87  107   89  117   77  120  102
  108  104  109   93  114  104   93  104  122   86
   86   94   79  103   92  110  111   83  101   92
   75  119  119  110   81   99  105  106   93   94
   89  115  121   75   78   87  124   81   92  109
  109   80   99  115  108   85  107  111  107  103
  112  121   98   80   76   91  104   89   93   97
  108  118  110   94   93   77   77  121  104  115
  102  117   80  116   99  101   88  105  118  113

  Bi   hi   su   su
           time cost
 PSIZE,CV,TBO,TSCAP,AVGCAP =      1    1    2    2    9
