   10   20
    1
 1286
 1.00 0.90  32. 300.
 1.00 1.00  54. 100.
 1.00 1.00  32. 250.
 1.00 1.10  43. 150.
 1.00 1.00  21. 100.
 1.00 1.20  54. 300.
 1.00 1.00  32. 150.
 1.00 0.80  21. 200.
 1.00 0.90  21. 150.
 1.00 0.90  54. 300.
   84  118    0    0  105   96    0   84  124  112
   85    0   77    0  107   88   87   82  107    0
   90   82   81    0    0    0   90   88    0   77
   84  113    0    0    0  117    0   89    0   82
  115   79   98  112  110   84  115  113   86   80
  105   89   85  107  109  124  111   82   95  122
   80   81  113   76   95  121  105  116   76  122
  123   84   96  106   87  114   84   81   83  118
   82   95  117   85   88  115  124  118  118   88
   81   91  110   75   84   76   95   79   96  101
   89  107   78   97  117   94   85   91   75  102
  119   92  112  122   81  105   82   90  101   85
   84   92   80   81  112  123   82   83  107   78
   99   78  113  105   98  104   85  111   82  100
   98  108  112  101  114   95  118   84  102   91
   92   77   80   88  109   89   80   81  109  106
  119   79  119   83  115  122   82  114   79  124
  111  104   88   82  101   97  104  117   83  108
   84   84   96  103   97  112  112   96   89   77
  105  121   76  110  105   75  123   89  101   84

  Bi   hi   su   su
           time cost
 PSIZE,CV,TBO,TSCAP,AVGCAP =      1    1    2    2    8
