   10   20
    1
 1151
 1.00 0.80  21. 300.
 1.00 1.20  21. 150.
 1.00 1.00  32. 150.
 1.00 1.00  65. 300.
 1.00 0.90  21. 150.
 1.00 1.00  21. 100.
 1.00 0.90  54. 100.
 1.00 1.10  43. 100.
 1.00 1.00  32. 300.
 1.00 0.80  65. 200.
   81   82    0    0    0   93    0    0  122    0
  116    0    0  108  114  119  124    0   97    0
  122   79    0    0    0  114  121    0    0    0
    0  124    0    0  111    0    0    0    0   94
   98  103   83   85  111   87  122  124  116   85
  101   75  105   87   94  118  123  110   82  104
  122  115  118   80   83   79  123   99   94   76
   85  122   94   78  123  110   84  113  104   99
  115  112  102   95  104  105   99  105   84   81
   75  122   82  116   79  117  120  106  108   96
  112   75  121  120  105  122  109   81   82  108
   94  106   76   77  122  118  106   95  103   99
   96   83   90   94   91  105   93  100  102  111
  114   96  119   83   96  112   97   87   85  122
   92  118   77   90   97  108  113  111  115   97
   95  120  122   91   88  105  122  108  122   88
  122  118  108  107   97   83   79   79  110   75
   90  110   79   87  109  105   84   78  108  124
  120   79  113   95   77   87   75  113   78   85
  107  107  107  110   79  110   76   89  104  101

  Bi   hi   su   su
           time cost
 PSIZE,CV,TBO,TSCAP,AVGCAP =      1    1    2    2    9
