   10   20
    1
 1117
 1.00 1.10  11. 150.
 1.00 0.80  14. 100.
 1.00 0.80   5. 200.
 1.00 1.00   8. 100.
 1.00 1.10  14. 100.
 1.00 1.10   5. 300.
 1.00 1.00  14. 100.
 1.00 0.90  11. 250.
 1.00 1.00  11. 200.
 1.00 0.80   5. 300.
  108   90   95   96  112   97  119  122  103    0
    0   96  120    0    0  119    0    0    0  105
    0  116    0    0    0  110  122  117   77    0
    0    0  124    0   77  121    0    0    0    0
  114  109   97  114   93  108  120   77  119   99
  123   85   93   84  119   86   80  107  104   93
  104  123  120   87   82  104  119  100   79  112
   91  120   75   86   92  118  109  110   89  120
   92   83   89   90   86  104   84   83   91   95
   91  119  123  105   82   90  103   89   99   78
  113   99  100   77   99   91  107   76   88   97
  121   91  123   93   86   80  102   77   86  119
  111  119   95   78  117   77  119   99  103  122
   99  101   86   97   92   75   75  120  118  124
   99   88   94  113   86  106   94   97   76   94
  116   79   91  123  117  115   82  115   76   81
   99  103  118  102   76   77   77  116   81  104
  124  103   85  100  115  109  110   82  105  123
   89  121  101   97   75   84   79  110   81  100
  104   95  117  101   77  114  120   80   91   75

  Bi   hi   su   su
           time cost
 PSIZE,CV,TBO,TSCAP,AVGCAP =      1    1    2    1    8
