   10   20
    1
 1458
 1.00 0.90  43. 200.
 1.00 0.90  43. 150.
 1.00 0.90  32. 300.
 1.00 1.00  65. 150.
 1.00 1.00  43. 150.
 1.00 0.90  54. 200.
 1.00 0.90  43. 200.
 1.00 1.20  43. 300.
 1.00 0.80  54. 250.
 1.00 0.80  43. 300.
    0    0   87  124   85   87    0   92   77   87
  122   75   95   82    0   88   93  103    0   95
    0  105  111    0   99    0  114    0   83    0
  107  102    0    0  119    0    0    0   89  115
  115   96  115   82   93  105  105   85  112   86
   87   96   83  116  122  103  124   79   83   88
   75  107   97   76   91  109  118  105  117   77
   92  104   78   99   78  114  112   82   86   75
   80  101  119   90   89  121   96  118   83   94
  107  109  120   91  106  103   95   95   86  114
   85   93   79   88  117   87  107   89  117   80
  117  107  111  104   90  121   91   96   97   86
  124   92   80   97  101  101   76   86  124   94
  115  101   87   77   79   79  108  120   99   96
   83   85  113   89   99   81  107   95  118   86
  119  116   99   93   96   79   92   75   98  102
   95  109   81  108   99   85  100  123   99  118
   81   89  104  109  116  118   77  111   99   89
  104  103   84  123  104  122  110   89   76  100
  101   77   91  102   75   97   99   87  115   86

  Bi   hi   su   su
           time cost
 PSIZE,CV,TBO,TSCAP,AVGCAP =      1    1    2    2    7
