   10   20
    1
 1117
 1.00 1.10   8. 150.
 1.00 0.90  17. 300.
 1.00 1.00   8. 150.
 1.00 1.10  11. 100.
 1.00 0.80  17. 250.
 1.00 0.90   8. 100.
 1.00 0.80  11. 150.
 1.00 0.80   8. 150.
 1.00 1.00  14. 300.
 1.00 1.00   8. 100.
   91    0   83   83    0    0  111    0    0  106
    0  110    0    0    0    0    0    0    0  103
  124  104  116  106   89  121    0    0  109   92
   90    0  117   79    0    0  110   80    0  124
  112   81   84  122  100  111   84  110   86   78
   90   88  115   77  111  101  121  103  108  118
   90   89   77  107   83   78  123  109   98  123
   90   78  103   99  120   86   80  105   88  105
  118  112  108   97  102   81   78   89   84  101
   84   80  121   83   81   83  119   89   79  121
   83  106  118   80  105   97   94   87   79   90
   76   97   83  106  118   80   78   99   78  116
  118   79   77   97   79  109  120  117   87   85
  123   97   87   78   83   92   95   78   91   93
   82  106  123   84  118   77   88   81   97   86
   77   79   85   93   84   90   87  108   99   81
  105   82  113  121  118   88  104  115  100  109
   94  102   79  119   75  121   76  110  112  113
  102  113  109   76  120  116  109  100   85   92
   78   92   86   85   89  112  104   77  122  108

  Bi   hi   su   su
           time cost
 PSIZE,CV,TBO,TSCAP,AVGCAP =      1    1    2    1    8
