   10   20
    1
 1266
 1.00 0.80  17. 100.
 1.00 1.20   5. 300.
 1.00 0.80   8. 200.
 1.00 0.90   8. 250.
 1.00 1.00  11. 250.
 1.00 1.00  14. 250.
 1.00 0.90  14. 250.
 1.00 1.10   8. 200.
 1.00 1.10   8. 250.
 1.00 1.10  11. 150.
    0    0  121  114    0  116   83    0    0    0
    0    0    0  114  103   83   85    0  105    0
    0  123  112    0   97   98    0    0    0   80
    0    0  108    0   98    0  102    0    0    0
   98  124  124  123   96  106   86  105   95   82
   87   82  112  111  121  102   78   90   86  106
   88   98   81   88   97  123   97  114   95   95
  108   76  112  113   83  113  108  122   85   81
  114   86  100  106   84  119   82   83  108   87
  121  121  107  102  104   86  116  106   81  106
   90   79  111   86   98  101  117   86   78   90
   85  100  121   90  116  113   75   93  121  118
  110   98   87  121  119   95   99   84   95  102
  123  114   78   98  122  106   96  102  120  116
  110  110  105   77  111  104   87   76  118  103
   81   97   92   98   76   79   88  115  123   88
   96  119   81   79   93   84  120   90   77   97
   80   84   86  105   91  122   88   77  113  118
   98   78  123  108  119   92  111  122  109  106
   95  123   88   88   89   87  117   95  123  109

  Bi   hi   su   su
           time cost
 PSIZE,CV,TBO,TSCAP,AVGCAP =      1    1    2    1    7
