   10   20
    1
 1458
 1.00 0.90  32. 250.
 1.00 1.20  32. 250.
 1.00 1.20  32. 100.
 1.00 1.20  43. 100.
 1.00 1.20  32. 150.
 1.00 1.00  43. 150.
 1.00 1.20  65. 300.
 1.00 0.80  21. 150.
 1.00 1.10  65. 300.
 1.00 1.20  21. 100.
  121  110    0    0   79    0  110    0   99    0
   94  124    0   81    0   78    0    0    0   90
   82    0    0  123    0    0   80    0    0    0
   82    0   90  111    0    0    0    0   95    0
  106   82  113  116  117   91  108  110   94   89
  116  121   94   83   80   83   76  111  108  109
   88   98   81  111  122   85  106  102   94  122
   91  108   83  101   88   84  111   89  117  124
  103   84   90   87  105   83  116   82   80   91
  119  119  112   96   81   81  106   83  119   87
  121  112   85   78  104  103   89   98  122   85
  104   93  107  115   79  120   84   95   98  100
  112  117   75   85   78  106  112   94  105   96
  111  113  113  100  101  104   92  121   97  104
   93   75  119  110  114  123  121  114  120   78
   78  116  117   75  109  105  114   86  121   76
  112  116   94  120  106   80   97  102   83   93
   97   84   84   97  117   88  111  103  111  108
   90  114  104   86  124   94  112  111  116  108
  119   93   95   99  100   86   97   98   85  109

  Bi   hi   su   su
           time cost
 PSIZE,CV,TBO,TSCAP,AVGCAP =      1    1    2    2    7
