   10   20
    1
 1151
 1.00 0.90  54. 150.
 1.00 1.20  43. 300.
 1.00 1.10  43. 150.
 1.00 0.90  54. 250.
 1.00 0.90  32. 300.
 1.00 1.10  32. 300.
 1.00 1.00  65. 100.
 1.00 1.20  32. 300.
 1.00 0.90  43. 250.
 1.00 0.90  54. 150.
    0   85   94   87   77   75  109    0    0    0
    0    0  111   96    0   86   95    0    0    0
    0    0   94    0   93    0    0   80   84    0
    0    0  107    0    0  111   87    0    0  104
   81   94  121   89  112   99  122  104   81   96
   84   92   85  110  123   77  101   95   89  107
  120  109  122   98   76   81   96   85   78  103
   99  101   83   76  110  105   81  106   93  113
  102   86  107  102  108  105   88   78  122  107
   96  124  111  107  107  105  100   85  102   77
   85  113   90   79  114   97  103  114   80  113
   86   77   85  114   98   85  111   78  121   98
  100  115  106   96  107  114  124  100   92  105
  106   75   87   96   81  102  114  111  105   94
  103   86  106   88   98   79  104   94  110  121
  119   93  118   96  118  105  116  124  116   80
   93   81   95   82   89   98  124   90   77   95
  119   89   98   77   89   88   75  109  110   85
  119   77   82   99   89  101   89   93   92   82
   90  100   76   93  112   87   94  122   88  123

  Bi   hi   su   su
           time cost
 PSIZE,CV,TBO,TSCAP,AVGCAP =      1    1    2    2    9
