   10   20
    1
 1266
 1.00 0.80   8. 200.
 1.00 0.80  17. 100.
 1.00 0.90  14. 200.
 1.00 1.10  14. 150.
 1.00 1.10  14. 150.
 1.00 1.00  14. 100.
 1.00 1.00  14. 200.
 1.00 1.00  14. 250.
 1.00 0.90  11. 300.
 1.00 1.00   8. 250.
   83    0   99    0  120    0   86   97   93   83
    0    0   91  119  122    0    0   76   78    0
    0  119   76    0  116    0  119  106  115    0
  114   92    0  112   91   82   96    0    0   96
   93  114  103  112  116   76  117   98   86   91
  122   89   84   97  115  103  102   89  104  104
   91   98  106   99   94   99   90   81  124   86
   76   80   90  119   78   83   99   78   87  119
  109   84  119   85   81  117   97  105  123   85
   77   94  114   91   77   93  107   89   95  106
  119  109   81   82  111  104  115   75   78   89
   79  118  124  119  100  106  106   88   96  122
  123   83   89   84  104   98  107   77  117   88
   82  100  100  124  106  101   81  114   82  124
   81   96   79  118  122  107  101  100  117  116
  113  122   77  105  123   89  116   79  110   81
   98  100   89  116   76   94  120   82  101  103
  107   88   83  105  120   91  104  110   75  108
  108   81   88   98   86   87  101  106   95   79
   75   83  123  115   80  107  101  105   91  114

  Bi   hi   su   su
           time cost
 PSIZE,CV,TBO,TSCAP,AVGCAP =      1    1    2    1    7
