   10   20
    1
 1151
 1.00 1.00  32. 100.
 1.00 1.10  32. 100.
 1.00 1.10  54. 250.
 1.00 1.20  43. 150.
 1.00 1.00  32. 100.
 1.00 0.90  32. 150.
 1.00 1.00  32. 200.
 1.00 1.20  43. 200.
 1.00 1.10  32. 150.
 1.00 1.20  21. 300.
    0    0  112    0    0  118    0    0   88    0
  120   81   93    0  118    0  112    0   99    0
    0    0   96    0  121    0    0    0    0    0
   85   99  116   95   99    0    0  107   85  117
  111  106   99   78   83   98   77   86  123   85
   99  114   83   79   79  112   90   83   84  108
  123  115  113  103   92   85  107  106   83   84
  107  118  122   86  109  113   78  103  103   87
   89  100   84  112   95  106  120  114   99  118
  102  124  115  104  105   94   83   78  118   77
  114  124   96   98   93   99  118   77  118   88
  105  122  104  111  124   79   75   90  114   98
   81   91  115   97  121  115  122  108   77   92
   93  123   79  109   75   95   77  115  122   82
  111  108  109   87  118  100   86  108  101  120
   78  124  118  118  111   99  110  106   82   88
   86  123   83  114  119  118  108  108   79   76
   92  114  106  104  123  124  106  102   92  114
   84   86  108  104  107  107   84   88  121  110
  119  104   77  120  101  105  116  101  109  118

  Bi   hi   su   su
           time cost
 PSIZE,CV,TBO,TSCAP,AVGCAP =      1    1    2    2    9
