   10   20
    1
  999
 1.00 0.80   8. 100.
 1.00 0.90   5. 100.
 1.00 1.00  11. 250.
 1.00 1.20  17. 100.
 1.00 0.80  11. 150.
 1.00 1.10  14. 100.
 1.00 1.10   8. 300.
 1.00 1.20   8. 100.
 1.00 0.90  17. 150.
 1.00 0.90   8. 250.
    0   75   95   81  111    0   77    0   93   76
    0    0    0  117    0    0   91   96    0   95
    0  101  117  112  108  104  112  111    0  121
  105    0    0    0    0   87  117   98  106    0
   99  121   97   76  114   76  113  124  105   76
   99  101   84  107  118  121  107  104   96   94
   94   89  116  120  113  118   99   86   87   90
  110   79   86  104   80   88  101  102   97  120
  105   98   75  105   86   86   92  121   97  121
   89  113  108  115   76   79   87  107   91  103
   87   83  113  111   90   90   84   88  120  106
   85   75   81  106   92   82   86   80  104   81
   97   87   79   94   91   93  103   90  103   94
  118  114  116   85   97  105  100  113   96  105
   75  105   82   91  102  100  107  112   85  111
   78   98  121  102   76   80   90  120   85  102
   78  114  112  108   79   97  109  121   97   98
  112  103   99  120   90  101   84   78  115  114
   86  120  124   77   95  118   83  100   89   75
   92  119   86  113   84   89   78  117   78  103

  Bi   hi   su   su
           time cost
 PSIZE,CV,TBO,TSCAP,AVGCAP =      1    1    2    1    9
