   10   20
    1
 1151
 1.00 0.80  43. 150.
 1.00 1.20  21. 150.
 1.00 0.80  54. 100.
 1.00 0.80  43. 200.
 1.00 1.00  65. 300.
 1.00 1.00  65. 200.
 1.00 0.80  54. 250.
 1.00 0.80  54. 250.
 1.00 1.00  21. 150.
 1.00 0.90  43. 150.
   85   78   98    0    0    0   93    0    0    0
    0  118    0    0    0  118   77    0  116  112
  120   91   79  122    0    0  120   77   76    0
  111    0    0    0    0   76   80    0    0   93
  103  117  122  115   89   81   88   98   77  115
  123  114   81   94  117   92   99  103  121  116
  107  116   88  120  100   98   87  101  108   85
  109  119   86  106   95  102  124  117   86  121
   81   88   98   83  102   96  111  118   89  107
   77   91   97   99   87  119  104  103   81  105
   77  115  124  116   83   93   98   88  108   84
  107  118  117  106   81   79   94   88   88   79
   82   77   75  100  113   98  113   84   89   80
   75   82  112  112   98  100   87  115   79   76
   92  106  112   98  119   94  123  124   82   98
   86   89  112  101   90   91   83   78  118   83
   95  115  121  121   84  110   80  119  119  111
  114  119   94  101  124   92  104  105   92  119
  110   91   79  104   99  112   97  118  121  106
   95  104   81  122  123   87  109   99  101   86

  Bi   hi   su   su
           time cost
 PSIZE,CV,TBO,TSCAP,AVGCAP =      1    1    2    2    9
