   10   20
    1
  973
 1.00 1.00  17. 1000.
 1.00 0.90  17. 1000.
 1.00 1.00  11. 1000.
 1.00 0.80  11. 1200.
 1.00 1.10  17.  800.
 1.00 1.10   8.  400.
 1.00 1.10   8.  600.
 1.00 1.10  11. 1200.
 1.00 1.10  14. 1200.
 1.00 1.20  11. 1000.
   87    0  111   89    0   76    0    0  124    0
    0    0    0    0  120    0    0   89   93    0
   97  118   96    0    0   98    0  108    0  120
    0    0   78    0  107    0   93    0   80   88
  105   77  106   76   75  116   93   90  107  112
   88  124  121   84  106  115  112  100  112  113
  107   90  100  123  102   86  110  114  101  124
   96  124   88   82  100   95  119   90   86  102
  122  109   79   93   85  102   81   83  118   84
  106  109  102  116  122  123   85   97  103   86
  106   94   91  124   94  111  107  104   91  103
   81  103  120  116  108   76  103  121   91   94
  103   90  100   77  102  101  113  116  112  120
  123   97   86   77   86  121   75  104   79   79
  114  101  100  116  111   88  104  116   81   75
  120  118  120  121  119  120   89   93   98   92
  117  103   91   85   91  123   96  104   75   82
  115   79   96  103  120   86  106   93  114   80
   85   90  123  103  117  100   93   85  122   92
   93  115   85   82   82   97   83  104  110  124

  Bi   hi   su   su
           time cost
 PSIZE,CV,TBO,TSCAP,AVGCAP =      1    1    4    1    9
