   10   20
    1
 1329
 1.00 1.00  65.  800.
 1.00 1.20  65. 1200.
 1.00 0.80  21. 1000.
 1.00 1.00  65.  600.
 1.00 0.80  65. 1000.
 1.00 1.10  54. 1000.
 1.00 0.90  54.  800.
 1.00 0.90  65.  800.
 1.00 0.80  43. 1200.
 1.00 1.20  32.  800.
    0  108   83    0    0  102    0    0    0    0
  109    0   90  109   79   90    0  112    0   76
    0  109    0   87    0   87    0   91    0    0
   78    0    0  118   83    0  109    0    0   93
  104   97  100  122   93   95  123   86   82  113
  121   88   80   87  105   77  111  105  123  107
  119  122   78   90   88  118   89   82   95  115
   97   94  113   86  109  107   96  122   77  107
   83  108   79   76   95  120  122   97  115   82
   88   91   97  105   95  109   86  111  118   93
  124   84  113   99  120  115  109   85  104   94
  112   86   83  123  121  114  118   91  121   84
  110   83  104  114   95   88   77  122  111   98
   80  105   93  122   97  119  101  111   77   90
   94   91   75   80  106   97  117  111   85  110
   76   92  108  104   80   89  114  109  115   94
  122   94  122   93   95   95   88  121  112   81
  110  107   89   93   94   89   93   95  100  109
   98  120  121  117   82   79   82   82  100   97
  108  117  107   86  119  122  100   84  110   86

  Bi   hi   su   su
           time cost
 PSIZE,CV,TBO,TSCAP,AVGCAP =      1    1    4    2    7
