   10   20
    1
 1329
 1.00 0.80  21. 1000.
 1.00 1.20  65.  800.
 1.00 1.00  54.  600.
 1.00 0.90  32. 1000.
 1.00 0.80  32.  400.
 1.00 1.10  43.  600.
 1.00 1.10  21. 1200.
 1.00 1.10  43. 1000.
 1.00 1.00  54.  800.
 1.00 1.20  21. 1200.
    0   87   91  107    0  117  114  101   95    0
   95   88    0  113    0    0  112    0    0   91
    0    0  102    0  105   77    0    0   99   98
    0  122   82    0    0  101  106   98    0  103
   83  113  107  119   96   84  101   81  115   88
  100   91  104   84   85  107  105  103  100  103
   88   94  111  105   94  104   95  111  122   90
  110   81   93  121   90  123   97   84  115  109
  116  113   78   82   89   96  108  100  108   98
   98  105  114  115  124   97   98  112  102  121
  100  115   79   99  118   77   90   94   92  123
  108   95   83   98   76   82  100   98   91   89
   86  111  123  122   93  121  114   98  105   91
   96   92   88   95  118   83  124   77   88   87
   76  123   81  121   75   80  100  115   77   87
   78   81   84  119   88   95  113  109   75  119
  115   92  116  117   77   92  102   95   80  124
  100  119   77   83  104  110   98  113   89  119
   93  116  117  118  122   87   93  113   96   81
  122   80  103   79  114   99   87  115   83   75

  Bi   hi   su   su
           time cost
 PSIZE,CV,TBO,TSCAP,AVGCAP =      1    1    4    2    7
