   10   20
    1
 1172
 1.00 1.10  21.  400.
 1.00 1.10  32.  400.
 1.00 1.10  21.  600.
 1.00 0.80  65. 1000.
 1.00 1.20  32. 1000.
 1.00 1.20  54.  400.
 1.00 1.20  32. 1200.
 1.00 1.20  54.  400.
 1.00 1.20  43.  600.
 1.00 0.90  32. 1000.
    0   76    0    0    0    0    0   93  108  123
    0    0    0  107    0   95    0    0  123  105
   79    0    0    0  112   89   80    0    0    0
    0    0  100    0    0    0    0    0    0  113
   79   89  119   86  112  123   87  108   95  113
  107   87   79   89  124  111   80   82   76  113
  124  106  101  106   98   95   86  110  121  112
  110  110  104  122   90  108  122  111   92  122
   77   82   99   91  116  110  103   91  113   86
   81  114   79  104  100  118  123  115   82   88
   90   91   79  101   78  121   97  120   85  117
  115   79  124  102   78   94   96  124   81   93
  120  113  119  105  113   81  120  123  121   92
   96   88   96  119   80  105   87   98   91   76
   86   77   85  121   83  100   92  103  102   83
  121  104  110  100  124   77   95  112  101  116
  104  102  106   88   99   85   77   95  119   90
   83   88   82   96  122   79   92   81   80   96
   99   97   89  115  117  105  100   87   81  103
  123  104  101   97   99  121  119  117   80  112

  Bi   hi   su   su
           time cost
 PSIZE,CV,TBO,TSCAP,AVGCAP =      1    1    4    2    8
