   10   20
    1
 1172
 1.00 0.80  43.  800.
 1.00 0.90  32.  400.
 1.00 0.90  32.  400.
 1.00 0.80  54.  400.
 1.00 1.10  21. 1000.
 1.00 0.90  54.  800.
 1.00 0.80  54.  600.
 1.00 0.80  65.  800.
 1.00 1.10  32.  400.
 1.00 0.90  65.  800.
  122    0    0  116   82  108    0   93    0    0
  110   78    0    0    0    0    0    0    0   99
    0   95  105  109  114  108   89    0    0  113
    0    0  103    0  103  118    0    0  118   84
  104  103   84   93   85   76   89   99  124   89
   89   83   98   77  112  105   85   86  103  124
  109   91  118  112  106  119   81   80  100  121
  109  119  109   79   90   80  117  109   98   94
  104   88   88   80   91  114  119  120   91   75
  100  112  114   81   94   77  115  123   89   76
  103  117   89   95  107  124  107  105  120   75
   85   81  116   96  109  105  108   99  111  118
  111  104   84   88  122  114  107   87  100  108
  112   84  121   99  106   91   82  117   92  103
   76   94  120   76  120  109  101  109  116   95
   79   94   93   79  116  106   91   85   91   75
   81  108   97   97  107  110   75   81  112  122
  106  120   88   85  120  124  107   83  111   95
   90   91   76  109   99  124  112   83  118   89
   84  100   75  112  124  117   85  118  121  106

  Bi   hi   su   su
           time cost
 PSIZE,CV,TBO,TSCAP,AVGCAP =      1    1    4    2    8
