   10   20
    1
 1329
 1.00 0.80  43.  800.
 1.00 1.20  21.  400.
 1.00 0.80  21.  400.
 1.00 1.10  65. 1200.
 1.00 0.80  32.  400.
 1.00 1.20  54. 1000.
 1.00 0.90  32. 1200.
 1.00 1.10  43. 1200.
 1.00 1.20  32.  800.
 1.00 1.00  21.  400.
    0    0    0    0    0    0  120   79    0   95
  119    0    0    0   78   78  114    0   78   96
    0    0  117    0   85    0    0    0   82  110
    0  114   89    0  102   79    0    0    0   81
   76  124   87   77   77  117   87   80  100  112
  117   77  123  116   91   89  112  102  118  112
   75  102  117   77  122  112  121   75   77   86
   77   81   94  123  120   89  123  106  112   96
  107   92  105  113  102   90   87  111  112  105
  110  114   76   83  117   78   81   81  102  121
  124   75  105   84  105  106  121   93   79  110
   84  111   95  109  111  117  111  106   76  121
  121  106  122   76  103  116  116   89   98   75
   79   98  110   97  106  104   80  110  118  121
   78  123  105  105   88  103  112   89  104  108
  113   87  110  105   78   94   98  109   88   98
   85  108  117  105  104  106  101   83  124   75
  103   81   97   91   78   98  120   97  105   78
   92   87  119  104  101  103   81   97   90   98
  112  104  106  102   90  110   81   97   89   94

  Bi   hi   su   su
           time cost
 PSIZE,CV,TBO,TSCAP,AVGCAP =      1    1    4    2    7
