   10   20
    1
 1087
 1.00 0.80  17.  400.
 1.00 1.10  17. 1000.
 1.00 1.10   8.  400.
 1.00 1.10   5. 1200.
 1.00 1.00   5.  800.
 1.00 1.10  17. 1000.
 1.00 1.10  11.  400.
 1.00 0.80  14. 1200.
 1.00 1.20  14.  400.
 1.00 1.20  17.  800.
   81    0   77   80   84    0    0    0   95    0
    0    0    0    0   75    0    0    0   75    0
    0    0    0  124   81   95   79    0    0   94
  114  121  105    0  101    0  110  110  104    0
  105   89   79  122   95  104  113  113   99  118
  103  106  109  100   85   95   91   94   84  113
   99  122  103  123   76  117  100   95  116  103
   95  124   90  123  100  105  124  119  124   91
   98  105  119   92   85   83   80   85   83   85
  109  122  122   84  121   97  101   96   98   91
  124   97  103  116  111   94  107   81  116   98
   91   96   96   80   76   83  111   96  116   92
   89   79  117  122  115  118   82  121  112   78
  120   88  120   99  119  110   83  108   87  124
   79   83   84  104  102   78   88  122  110   94
   89   88   77  117   82   76  119  106  111   93
  101  105   93  100   98  112  106  112   99  101
  113   85  123   96  103   96   78   91   87  100
  106   81  105   82  120  105  104  107  108  114
  110  102   85  104   95  115  124   90   95  101

  Bi   hi   su   su
           time cost
 PSIZE,CV,TBO,TSCAP,AVGCAP =      1    1    4    1    8
