   10   20
    1
 1087
 1.00 1.10  11.  600.
 1.00 1.10   5.  600.
 1.00 1.00  14. 1000.
 1.00 0.90  14. 1200.
 1.00 0.80  14.  400.
 1.00 0.80   5.  600.
 1.00 1.00  17.  400.
 1.00 0.90   8.  400.
 1.00 1.10   8. 1200.
 1.00 1.00   8. 1200.
    0   80    0   91    0  113   85    0    0  123
   96    0    0    0    0  114    0  123  117    0
  119    0   80    0   92    0    0    0    0  115
    0    0  107   95  117   82    0  124  116    0
  124  102  107   92  107   92  105   86  118  109
   82   89   96  110   81   98   98  124   75   82
  110  104  119  100   76  122  120  118  123  112
   95  104   86   97   92   77   86  119  118  108
   83   97   76   87   87   84  120   85   98  108
  102  103   99   94  124   98   80  107  108   86
  119  117   99   92  112   97  119  100  106  104
   99   91   88  112  106   89  102   96  116   87
  116   90   82   87   75  121  121   85  110   77
  122  110  118  122  107  121  113  110   79  113
   92  108  103  100   81  118  111  123   88  119
   96  109  105  106  117   98   87   98   88   82
   97   76  116   87   88   97   78  101   87   75
  120  115  111   91  120   76  114   81  115   86
   95   78   94  102  106  114  109   92   86   87
   93  110   85  119   75  122   78  115  113  104

  Bi   hi   su   su
           time cost
 PSIZE,CV,TBO,TSCAP,AVGCAP =      1    1    4    1    8
