   10   20
    1
 1233
 1.00 1.20  11.  400.
 1.00 1.00   8.  600.
 1.00 1.10   8.  600.
 1.00 1.20  11. 1000.
 1.00 1.10   5. 1000.
 1.00 1.20   5.  400.
 1.00 1.00  14. 1200.
 1.00 0.90  11.  400.
 1.00 1.20  11.  800.
 1.00 0.80   5. 1000.
   87  122    0  117    0   84    0   82   94  112
  108   76    0    0   95    0    0   98   91    0
   88    0    0    0    0   97  110    0    0  120
    0  109    0    0    0   92  108  102    0  101
   86   96   91  108  110  123   98  115  121  102
   82  109   99  103  122   95  109  111   93   77
  124   75  105   86   90  109   79  111   91   91
   95   90   91   84   89  121  100   93  108   97
  122   93  122   96   90  102   89   81   83  122
  109  104  105   95   83   77  108   87  101  103
   84   92   83  119   95  102   98  102   94  105
  120  117   95   96   86  107  102  103  102  115
  112   81  105   83  120   96   80  121   81   88
   95  118  107  103   91   76  106   86  109  109
   81   75  120   75   83  123  116  112   95   76
   83  110   98  109   90   82   84  109   79   97
  103   90  106  106  113  121   94  108   91   92
   75   99  101  114   93   79   86  104   80  113
   84   94   99   84  124  111  106   98   97   97
   76   93  113  119  109   77   81   92  113   82

  Bi   hi   su   su
           time cost
 PSIZE,CV,TBO,TSCAP,AVGCAP =      1    1    4    1    7
