   10   20
    1
 1087
 1.00 1.20  17.  800.
 1.00 1.20   5. 1000.
 1.00 0.90   8. 1200.
 1.00 1.00  14. 1200.
 1.00 0.90  11.  400.
 1.00 1.10  11. 1200.
 1.00 0.90  14.  800.
 1.00 0.80   5. 1200.
 1.00 1.00  11. 1000.
 1.00 0.80  11.  800.
    0    0    0    0    0    0  110    0   76   84
    0  106  101   89    0  102    0    0    0   88
  116   86    0   75    0  107   88   85  116  107
  116    0   89   82   87   86   79   96  101    0
   99   87   92  104  107   78   80  123   91  104
   82   78   77  103  114  122   94  123   98   88
  104  112  107   77  116   82   86  122   87  118
   96  119  107  119  123   87  108   97  119  100
  107  111  110   92   82   91  102   81  102  119
   90  109   75   88  106   75   91  114   96   96
  104   98   84   81   82  108   92   91  112  106
  115  111  120   80   88  104  118  117   84   86
  111  121   83   98   82  114   77   89   91   92
   77   77  122  111   96   90  106  111  116   79
   88  118   92   89  110   86  102   76  101  109
   87  118  100  115  105  114  112   87   92  111
  117   84   83   95  106  123  100  105  124   93
   83   87  124   80  115   97  115   82  114   78
   75   96   86  107   98   86   87   98   92  122
  106   93  110  110  104  117   89   90   88  121

  Bi   hi   su   su
           time cost
 PSIZE,CV,TBO,TSCAP,AVGCAP =      1    1    4    1    8
