   10   20
    1
 1233
 1.00 0.80  11. 1200.
 1.00 0.90  14.  400.
 1.00 0.80  14.  400.
 1.00 1.10   5.  800.
 1.00 1.10  17. 1200.
 1.00 1.10  11. 1200.
 1.00 0.80   8.  400.
 1.00 0.90   5.  600.
 1.00 0.80  11.  800.
 1.00 1.20  14. 1200.
    0    0   91    0   93   83    0   83   99    0
    0    0  109  107   89    0    0    0  115  112
    0   86   75    0   88    0  111    0   93    0
   84    0  118    0  115  109    0    0    0    0
  115   87  119  107  116   84  119   90  106  107
  121  107   83   79   77  103  107   91  121  106
  122  102   92  114   85   92  120   96  103   91
   81  109  112  121   97  123  121  119   92   88
   98   87   98   90  117  116  109  104  106   77
  104  111   80  109  113   77  124   77   90   97
  112  110   92   78   90   85   93   84   94   94
  111  123   98  112   81   81  104   80   86   94
   77   92  100  107   87  103  117   99   89  104
  102  110   86   99  108   77  116   76  123   77
  100   96  123  110  104  120   76   92  107   98
   86   93  122  124  113  116  112  124  113   89
  103   98  113   90   99  123   78  113  100  104
   94   81  120  118   96  114  108   89   83   94
  103  109  106   85  102   83  124  118  114  119
   94   75   83  116   77   82   95  121  124  123

  Bi   hi   su   su
           time cost
 PSIZE,CV,TBO,TSCAP,AVGCAP =      1    1    4    1    7
