   10   20
    1
 1233
 1.00 1.10  11. 1000.
 1.00 1.00   8.  800.
 1.00 1.20   5. 1000.
 1.00 1.20  17.  400.
 1.00 1.20   5.  800.
 1.00 0.90   8. 1200.
 1.00 0.80  14. 1000.
 1.00 0.90  17. 1000.
 1.00 1.10   5. 1200.
 1.00 0.80  14.  400.
    0   82    0   81  106    0    0    0  119    0
    0    0    0  113    0   97  104    0    0    0
    0    0   78    0    0   90  100    0    0  110
  114   98   82    0    0   94   93    0    0   81
  102  118   79   75   86   94   78   96  115   85
  110  123   77  100   97   79  107  118  120   93
  115  108  100   91  104   92  124   92  102  119
  114  107   80  116  102   92  113  103  120   88
  114  116  106   91   83   79   78  100   85  122
   93  123   79   87  108   97   98   89  107   77
  115   78   94   94   88   84  111   89  114  113
   87   87   83  114  117   82  104  117   92  101
  110   98   87   94  122  114   84  111   92   99
   78   87  117   96   98  118  116  100  102  113
   77  103  105   81   88   93  104   99  110  116
   83  114  120   78  102   95   80  108  108   83
  122  109   83   88   78   78  110   93   81  100
  109   98   92   96   87  110  108   99  102   96
   86  109  108  124   97  123   76  118  102  120
   97   78  101   91  100  119  123  109  104   76

  Bi   hi   su   su
           time cost
 PSIZE,CV,TBO,TSCAP,AVGCAP =      1    1    4    1    7
