   10   20
    1
 1172
 1.00 1.20  43. 1200.
 1.00 0.90  32. 1000.
 1.00 1.00  54.  600.
 1.00 0.80  54.  400.
 1.00 1.00  65. 1000.
 1.00 0.90  65. 1200.
 1.00 1.00  43. 1000.
 1.00 1.20  43.  600.
 1.00 1.10  43.  800.
 1.00 1.00  21. 1200.
    0    0  116    0    0  101   97    0   92    0
    0   91    0  100  103   88  120    0    0   92
    0  105  116    0  107    0  109    0    0    0
    0  115    0    0    0  101    0  123    0    0
  107   80   89  110   88  113  110   82   81   93
  121   90  119   79  121   89  116  121  120   75
   86   88  105  116  100  105  102   75   95   80
   81  114   77   94  112  111  118   92   91  116
  106  113  102  112  101  113  117   93  106  107
   93   80   93   75   93  119   82  111  104  111
  107   78   77  113  111   90   89   75   96   88
   98   83   96  119  106  114   82   96   76   92
  113  105  124  120   78   80  123   95  119   93
  119  105  105   90  114   97  103   90   81  121
   75   77   84  108  118   92   93   96  100   82
  103  111  113   90   78  110   88   83  109   85
   81  117  102   82   89   92   92  119  109  105
   86  115   90   88  118   95   87   97   88   84
  110   83  111   93  106  108  122  110   85   75
   80  103   85  122   88  101   98   82   94  115

  Bi   hi   su   su
           time cost
 PSIZE,CV,TBO,TSCAP,AVGCAP =      1    1    4    2    8
