   10   20
    1
 1329
 1.00 0.90  54.  800.
 1.00 0.80  21. 1000.
 1.00 1.20  65.  600.
 1.00 1.10  32.  600.
 1.00 0.90  32. 1000.
 1.00 0.80  65.  600.
 1.00 0.90  32.  800.
 1.00 1.20  32.  400.
 1.00 1.10  32.  600.
 1.00 0.90  65. 1000.
   86    0   95  100   87   86    0   95    0    0
    0    0   96    0    0    0    0   84   80    0
   87   90  102    0    0    0   77    0  118   78
   95    0  123    0    0    0   85   91    0    0
   75  113   84   91   90  121   92   77  106   76
  121  114  121  107   77  100   88   91  105   92
   96  107   92   81  106   88   94  116   78   86
  110  117   91   77   91  102   79  122   96   84
  122  103   99  115  119   87  116   91  108  113
  111  110  118  100   86   76   83  109   94  119
   99   76  123   78  107  123   77  123  122  121
   97  124   75  110  112   88  101   94  111  101
   97   99   86  112   77  113  108  121   84  102
   95  105   84  103  101  104  114  118  120  124
   82   96   76   75  111  118   92   93   97  109
  120  115  110  114   75   79   96  103   94   94
   86  119  117  102  106  120  113  117   98   82
  120  103   93   88  118   92  118   78   96  115
   81   87   91  110  123   99   97  112   87  121
  115   75   75  124   96   97  111   81  117  101

  Bi   hi   su   su
           time cost
 PSIZE,CV,TBO,TSCAP,AVGCAP =      1    1    4    2    7
