   10   20
    1
 1049
 1.00 1.00  54. 1000.
 1.00 1.20  54.  800.
 1.00 1.20  32.  600.
 1.00 1.00  32.  400.
 1.00 0.80  54.  400.
 1.00 0.90  21. 1000.
 1.00 0.90  21. 1200.
 1.00 1.20  54.  800.
 1.00 1.20  54.  400.
 1.00 0.90  21.  800.
    0    0   80   84    0    0    0  119    0    0
    0    0    0   79    0    0   98    0    0    0
    0  102  123    0    0    0   91    0    0    0
  123  102    0   94   97  102    0   83  114  112
  107   76  110  109  124  114   96  101   82  121
  112   86  110  118   98  107  124   83  124  122
  117   99   93   93  110  107  110   97  111  105
   95  104  110  124  105   93  123   76   92  107
  100  119  101   87   77   80   88  101  102   79
  115  111  121  104  119   93   96  101   86   91
  118   85   91  120   98  114   91   77   91   98
  107   77   97  124   78   75   99  100  110  124
   84  108   77  113  115   84   78  106  116  119
   81   82  108   92  120  117   97   78   99   76
  101  111  100   91  105   94   83  103  100   80
  117  104   95   90   91   81  114   85   87  105
   84   79  112   95   78   92   91  121   79  106
  105  105  114  110  121  118   89   82   94  108
  114  116   83   90   94   91  119  118   80  105
   95   85   82  121  114  121  106   76  121  119

  Bi   hi   su   su
           time cost
 PSIZE,CV,TBO,TSCAP,AVGCAP =      1    1    4    2    9
