   10   20
    1
 1087
 1.00 0.90  11. 1200.
 1.00 1.10   5.  400.
 1.00 1.00   8.  400.
 1.00 0.90   5. 1200.
 1.00 1.00  11.  800.
 1.00 1.00  17. 1000.
 1.00 0.80  17. 1000.
 1.00 0.90   5.  600.
 1.00 0.80   8. 1200.
 1.00 1.10   8.  400.
   75  112    0   86    0  110  112   89  108   77
  114    0   76    0  111    0    0  124    0    0
    0    0    0  107    0    0    0  119    0   86
    0  124   87    0    0    0  122    0    0  106
   84  123  103  119  107  122  116   97  118  115
  124   91   98  105  114   88  108   86  113   85
  122   93  123   76  120  110   82  102  107   97
  110  100   96   75  117  105   97   94   87  100
  102  111   90  118   78   94   93   86   77   83
  105  121   98   78  121  103   79   89  124  115
   76  124   87   79   88  108   94   77   94  110
   94  117   90   96  109   97   91  108  110   95
  116  102   88   78  121  101   98  106   98  121
  102  101   88  110   97  106   75  122   76   81
   99   98   96  118   78   93   96   80  122   83
   94  104   88  111  103  111   85  114   98   82
  113  121  117   84   94   91   80  110  117   93
  112   90   85  102   81   78   87  121  117  106
  106  113  122  122   81  107   93  106   86   80
  107  100   96   77   81   88   95  116  101   84

  Bi   hi   su   su
           time cost
 PSIZE,CV,TBO,TSCAP,AVGCAP =      1    1    4    1    8
