   10   20
    1
 1049
 1.00 1.00  65.  800.
 1.00 1.00  21. 1000.
 1.00 1.10  32.  400.
 1.00 1.10  32.  800.
 1.00 1.20  21.  400.
 1.00 0.90  65.  600.
 1.00 1.00  32.  400.
 1.00 1.10  21. 1200.
 1.00 1.20  54.  400.
 1.00 1.20  54.  800.
    0    0  111    0    0  124    0  109  106  110
   86    0    0    0    0  109  120    0    0    0
    0    0    0  107  124  100    0    0    0  117
    0    0  108  117   87    0  122  115   94    0
  105   91   95   91   93   82   76  118  104  112
  105  115   92  115  116  120  116   88  119   98
  117   80  116  105   79   94   96   95   97   98
   85   85   92   76  102  109  111  116  105  102
   76   77   76  110  103  116  118   77   85  114
  102  100   87   82  106   79   92   79   76   91
  106  105   79   95   98  100  119  100  105   75
   79   92   81   83  120   99   94   75   77   89
   83   98   78   96  110  111  103  111   85   91
   75   97  100   95  118   85  112   85  111   79
  100   77  120  104  120   84  113   99  122   77
   83  102  102  115   97  117  115   99   84   95
  105   85  112   80   80  108  107  106  102   87
  123   77  100   95  119   91   90  124  103   89
   96  108   76  107   89  122  103  102   87   91
  104  109   94  123   96  102  114   86  123   89

  Bi   hi   su   su
           time cost
 PSIZE,CV,TBO,TSCAP,AVGCAP =      1    1    4    2    9
