   10   20
    1
 1233
 1.00 1.20  17.  800.
 1.00 1.00   5.  600.
 1.00 1.20  11. 1000.
 1.00 1.20  11.  600.
 1.00 0.80  11.  600.
 1.00 1.10   8. 1200.
 1.00 1.20  17.  400.
 1.00 1.00  11. 1200.
 1.00 1.10   8.  600.
 1.00 1.10   5.  600.
    0  118   75    0   76  101    0    0    0    0
  111    0   97   94   90    0  117    0   77    0
   96    0    0    0    0   97  119    0    0    0
   75    0    0    0  117  105   98    0  121   87
  102  113  104   94  112   85  107  105   79   95
   98  120   77   97   76   88   96  119  107  115
  104   87  102  113  107  112   89  108  123   92
   84   99  123  109  123  110  104   97  102  106
  118  102  124  115   99   81  106   85  105   96
   89   77  109   88   98   85  108  112   84   98
  120   95   95   89   78  117   78  103  100  102
  109  112  120   93  109   80  120   76  120  112
   91   87  103  122   96   87  112  116  103   90
  104  101   99   84   78  104  107   85  117  116
  107   94   87   77   79  124  110   94  118  118
   83  104  107  109  117   78  100   86   78   90
   90  124  111   78   76  101  105  117   75   88
   97   81   94  124  122   91  108  106   97  113
   93  115   84   99  124  114  120   81  124   85
  113   98  110   94   95  115   92  118   81  113

  Bi   hi   su   su
           time cost
 PSIZE,CV,TBO,TSCAP,AVGCAP =      1    1    4    1    7
