   10   20
    1
 1049
 1.00 1.00  54.  400.
 1.00 0.80  43.  600.
 1.00 0.80  65.  800.
 1.00 1.00  21.  800.
 1.00 1.10  54. 1000.
 1.00 1.10  21.  600.
 1.00 0.90  65. 1000.
 1.00 1.20  21.  600.
 1.00 1.20  54.  600.
 1.00 1.20  21. 1200.
  103   77   75    0    0    0    0    0    0    0
  120   90    0  123    0    0    0   86    0  103
    0    0    0   99  116  119    0    0   88    0
   97    0  106    0  122  108   98    0   92    0
  103  111   87   77   77  112  110   87  110  108
   92   95  109  112   93   98  115  121   99  112
   96   90   81  121  122   81   89   97  122  115
  112  104  107   83   82   95  114  116   83  111
  102  102   98  121   77  119   98  118  111   79
   97  115  123  116  113   99  120   87   87   85
   77   97   79  106  109  105   83   99   78   92
   86   87   96   79  112   90  111   85  119  122
  101  117   81  122   75  122   78   86  114   89
  121   95   90   90   79  108  120  122  118  113
   81   98  101   91   78   93   98  118   86   88
  104  118  118  110   94   95   88   77  120  105
   79  119   80   75   76   81  102  120   92   81
   79   92   81   81  107   97  101  103  109  124
   88   86  121   78  101   83   82   89   97  116
   87   84  124  108  112  106  119  107  118   96

  Bi   hi   su   su
           time cost
 PSIZE,CV,TBO,TSCAP,AVGCAP =      1    1    4    2    9
