   10   20
    1
 1049
 1.00 1.00  32.  800.
 1.00 0.90  21. 1200.
 1.00 1.10  21.  400.
 1.00 0.80  54.  800.
 1.00 1.00  54.  600.
 1.00 1.00  65.  600.
 1.00 1.10  21.  400.
 1.00 1.10  65.  400.
 1.00 1.00  21.  600.
 1.00 1.10  65. 1000.
    0    0   79    0    0    0    0  110    0    0
   87    0    0    0   79  124    0  122    0    0
    0  117    0   78    0    0  105  101    0  123
   76  123    0   82    0   76   87   83    0  111
   84  107  121   80   90  112   96   83   90   93
   87   85  122   96   83  116   76  118  103   78
  107  122   90  110   80   88  107   88   86  119
  113  106  108  119  117  103   83  113  115   80
  104   88   80   90  117  118  115  124  116   81
  105   82   87   82  107   88   84  115  106  123
  101  112   78  118   79   76   89  101   83  105
  116   96   87  109  105  102   78   84  102   92
  117   76   92  107   75   81  110  115  105  119
  111  116  109  100   82   99   97  111   85  112
   88   98   84  101   88  107   80   94   77   94
  114   94  110   77   92  102   93   75  109  112
  101  111   77  116   81  124   90   97  110  101
   76  108   98   79   75   91  113   88  123  117
  119  122   78  115  113  107  116   88   89   91
   98  103   82   80   87  104  122  116   96   76

  Bi   hi   su   su
           time cost
 PSIZE,CV,TBO,TSCAP,AVGCAP =      1    1    4    2    9
