   10   20
    1
 1233
 1.00 0.90  17.  800.
 1.00 0.80  11.  400.
 1.00 1.00  17.  800.
 1.00 0.90  11.  600.
 1.00 1.00  17. 1000.
 1.00 1.20   8.  800.
 1.00 0.80   8. 1000.
 1.00 0.80  17.  400.
 1.00 0.80  17.  400.
 1.00 0.80   5.  800.
    0    0   95  115    0    0    0  114    0  100
  122  119  114    0    0    0  117   96  100   75
   88    0   96   79  114   98    0    0   88   89
   95    0   84    0  121    0   98    0  118  102
   99  124   91   76   86   82  115   79   98  113
   86  101  123   89  124  114   95   91  116  100
   78  109   80  121   83   76  108   93  103  113
  124  110  119   80   77   88   80   83   82   89
   95  110   86  106   90   84   92   84  100   81
  101  108   83  101   94  109   92   89   77  111
  102   76   75  114   89  116   76   95  122  109
  104  103   89  118   86   93  120  116  108  100
   88  111  103  107  116   85  106  101   83  103
  105   79  100  123  102   90   85   98  109   88
   97   75   87   92  107  123  102  112   94   78
   99   79  122   92   89  107  120   82  105  121
   77  121  105   92  118  106   92   88   76  109
  101  113   83  113  111  111  101  123   93   85
   79  101   81   95  123  115   84  103  100  124
  102  107   99  115  112  124  117   91  102   79

  Bi   hi   su   su
           time cost
 PSIZE,CV,TBO,TSCAP,AVGCAP =      1    1    4    1    7
