   10   20
    1
  973
 1.00 1.10   8.  600.
 1.00 1.10  17.  600.
 1.00 0.80   5.  400.
 1.00 1.10  11.  800.
 1.00 1.20   8.  400.
 1.00 1.20   8. 1000.
 1.00 1.20   5.  600.
 1.00 0.80  17.  600.
 1.00 1.20  14.  600.
 1.00 0.90  14. 1200.
    0   84   82   80   96   89    0    0    0   95
  109  113  101    0  109  104  101    0   79    0
    0  114  110   95    0   87   89  101   93  100
    0    0  109  107   94    0   82   98    0    0
  108   77   86   75  121   75  103   79  113   97
  108   89   88   75  103   82   79   82   76  121
  112   84  102   87  116   95   77  106   80   96
   89  102   99   78  109   82   83  111  100  115
   86  111   75   98  106   92  111  118   92   97
  116   83   88   82   96  120   91   82   76  113
  122  123   80  122   87   91  111   80  110  118
   97  119  100   82   79   80  118  120  121   89
  112  103  101  104   91   99  113  101   77  118
   92   95  109  108   75   98  100  118   93  105
   76  105   79   98  117   79  108  119  123  101
   86  119  113  107   86  104   79   86   98  103
   80  120   78   79  117  122   92   92   84   76
  102  111   97  121   86   98   96  120   86  102
  119   89  105  110   90  123  102  113  106   81
   81  102  121   96   95  104   81   95   77   82

  Bi   hi   su   su
           time cost
 PSIZE,CV,TBO,TSCAP,AVGCAP =      1    1    4    1    9
