   10   20
    1
  973
 1.00 1.00  14.  400.
 1.00 0.90  14. 1000.
 1.00 0.90   5.  600.
 1.00 0.80   5.  400.
 1.00 1.10   5.  600.
 1.00 1.20   8.  400.
 1.00 1.10  14.  400.
 1.00 1.10  17. 1000.
 1.00 1.20  11.  600.
 1.00 0.80   5.  400.
    0    0  105    0    0    0    0   99    0    0
    0    0    0  103    0    0    0  110  113   94
   93  104   78    0  104  101    0   94   90  122
   95   80   80  107  101   76    0    0    0  123
   86   80  100  115  107  100  124   78  101   87
   78   83   92   95   86   89  107  120   82   76
  112  121   76  107   91   97   97  105  100   84
  120   88   85  115  109   84   95  102  120   98
   85  110   78   76  104  121  109  113   79   92
   75  123   89   96  113   76  123   77   75  107
   98   87   99   99  122   80  100  115   83   99
   82  110   98   90  112   93  120  111   81   91
  112   83   93   96   82   83  103  109   94   79
  102   86   84   79  121   88  105  124  114   94
   91   97  103  114  103  109  100  111   79  106
  107  117   87  108   97   95   93   97   82  100
  102   84   97  115   75  123   91   79  104  101
  122   88  101   98   82  115   84  124  114   94
  113   86   81  116   87  120  106  108   99   86
  109  108  103   75  117  101   79  123  105  104

  Bi   hi   su   su
           time cost
 PSIZE,CV,TBO,TSCAP,AVGCAP =      1    1    4    1    9
