   10   20
    1
 1172
 1.00 1.20  54.  800.
 1.00 1.00  43. 1200.
 1.00 1.20  54.  400.
 1.00 0.90  65. 1200.
 1.00 1.00  65.  800.
 1.00 1.10  21. 1000.
 1.00 0.80  65. 1000.
 1.00 0.80  32.  600.
 1.00 1.20  43.  400.
 1.00 0.80  32. 1000.
   86    0  123    0  114   94   87    0    0    0
    0   93  114    0  112    0   76   97   80   90
  117  120    0  122    0    0    0    0  120    0
    0   78  124  114   96    0    0   78   80    0
   97  116   82  108   93  100   97  106  107   91
  101   96  115   88   75  105   90  113   91  107
  101  101   75   76   84  112   96   90  108  115
   97   95  115  122   80   76   88   91   96  118
   78   91   86   94   75  106   93  120   83  111
   99  109   82   86  123   91  105   96   91  108
  115   94   79   85   95   94  124   99   92  112
   98  122   86  109  112   96   87  119  104   77
  119   93   94   92   97  119  100  107  116  108
   96   92   87   93  109  104  101  101  123   92
  105   90   87  113  123   75  115   89   84   97
  117   88   89   91   92  124  110  102   85  107
  106   79   84   98  112   84  124  111  103   83
   83  105  115   90   91   79  105  104  107  106
   80   98  106   98   91  118  112   79   95   96
   89  104  103  111   87   95   81  104   83   78

  Bi   hi   su   su
           time cost
 PSIZE,CV,TBO,TSCAP,AVGCAP =      1    1    4    2    8
