   10   20
    1
 1514
 1.00 1.20  21.  37.
 1.00 1.00  54.  25.
 1.00 0.80  32.  50.
 1.00 1.00  32.  50.
 1.00 0.80  54.  25.
 1.00 1.00  21.  75.
 1.00 1.10  21.  50.
 1.00 1.00  54.  50.
 1.00 0.90  43.  37.
 1.00 1.10  21.  37.
  113  133  182    0    0  170  126    0    0  102
   91    0    0    0    0    0  117  171  161    4
    0    0    0    0    0    0    0    0   73  119
  102  171    0   58    0    1  136    0  150    0
   50  185  164  112  185   76  130  142  104    9
   70  102   31   24   61  150   69   53    0  126
   90  144  119  173   54   26   71  153    7   89
   24   81   21  122   75  198  124    0   68  167
  109  145   82   62   55  173   53  122  194  150
  163   73   79   85  174  113   18   60  194  121
   11  153  147  157   58   70   60   37   77   88
  104    8   69  106   64  183   31   11  183  103
  198  111  126  161  139  156    9  185  133   47
  183  179   10   14  189  113    4  178  141  138
   97   98  109  165   88   39  179   26  112  186
  178   85   25  114  199  143  191   74  176  109
  178  165   68   35    3   98  114  189  184  193
   82   98   24  108  175  151   18  172  186   30
  183  131  147  120   59  150   94  193  154  197
  127  117   94  133   30   76  152  159   39  137

  Bi   hi   su   su
           time cost
 PSIZE,CV,TBO,TSCAP,AVGCAP =      1    2    1    2    8
