   10   20
    1
 1514
 1.00 0.80  21.  50.
 1.00 1.00  54.  62.
 1.00 1.10  32.  25.
 1.00 1.20  32.  25.
 1.00 1.20  43.  75.
 1.00 1.20  32.  37.
 1.00 0.90  65.  62.
 1.00 0.80  21.  37.
 1.00 1.00  21.  50.
 1.00 0.90  65.  50.
   10   29    0  176   71    0    0   56   96   28
    0  196  105    0    0   34    0  154    0    0
  115    0   98    0   99  135  195  160    0  184
    0   68   59   37   93    0   66   73   10    0
   96   32  166   24    3  197   53  140   89  140
    2  159   58  151  109  160  162   94   98   34
   64   76   43  183   18   34   41  137  181   62
   17  140   12  125  176   29   51   48   26  122
   33  183  102   88   19   53  142  101  186   65
   96  137   38  194  127  140  119  102   64  118
   73  116  188   62   60    1   58  138   39  197
  131   41  164  127   69   26  133   96   31  163
   14  161  154  139  109  150   11  137   52  182
  132   62   81   84  149   91  177  189  114  107
   31   84  183   74  133  176  172   25   58  122
  142  167  156  198   22  143  190  170    8   72
  128   60  197  144   11  186  122  180  171  189
  156  139   91  156   73  133  183    9  179   98
  195   40   73   38  179   44   22  130  118   74
  118  194  183   51   29  117  178  100   16  148

  Bi   hi   su   su
           time cost
 PSIZE,CV,TBO,TSCAP,AVGCAP =      1    2    1    2    8
