   10   20
    1
 1175
 1.00 0.90  14.  25.
 1.00 0.90  11.  75.
 1.00 1.00  14.  25.
 1.00 1.00  14.  25.
 1.00 0.80   5.  37.
 1.00 0.80  17.  37.
 1.00 0.80  17.  37.
 1.00 1.00  17.  25.
 1.00 1.20   8.  37.
 1.00 1.20  17.  62.
    0   91    0  143    0    0    0   83    0    0
    0  149    0  160    0    0   24  171    0    4
    0    0   78   87    0    0    0    0    0  188
    0  139    0    0  153    0    0    0   45  132
  126  196  133  162  192   38   88  139  103  124
    8   15   16  161  137  143  159   98   49  158
   24   54  110  114    6  177  118   17  117   86
   93   66   93  120  156   60  189   95    8   31
  111  130  186   44  165  111  174   25  140  145
  143    0   22  131  121  182   92   41   50  132
   73  114   74   51  152  176   26   33  160  178
  180  152  186  182    2   47   61  140   22   78
   33    8  149  150    0  175  166   93  170   34
  126  187   81   41  135  173  142   78  166  124
  134    5  124   35   81  128   97   74  178   23
    2    2  198   65  107  195  174  189  133  114
   25   99  113  179   33   53   20   46   89   77
   55  147  114  123  123  152   11  127    1  149
    7   26   87   44  107  193   58  101   28   10
    3  127   68   16  187   81  142  174   94  109

  Bi   hi   su   su
           time cost
 PSIZE,CV,TBO,TSCAP,AVGCAP =      1    2    1    1    8
