   10   20
    1
 1354
 1.00 0.80  65.  37.
 1.00 0.80  54.  25.
 1.00 1.10  43.  75.
 1.00 0.90  32.  50.
 1.00 0.80  32.  37.
 1.00 0.90  65.  62.
 1.00 1.10  65.  37.
 1.00 0.80  43.  62.
 1.00 1.10  21.  50.
 1.00 1.20  32.  50.
    0    0    8    0  187    0  143   62   98    0
  144    0  157  159    0   32    0    0    0    0
  119   23  140    0    0    0    0   97   46    0
  190    0    0    0    0    0   39    0   75   61
  103   17   30   24   74  192   98  197  149   39
  116   88  109   41   26  187  192  156   14  115
  105  112   28   26  102  123  109  181  173  191
  153    9  109  112  198   50   15   36   84  131
  193   75  163  134  108  190   36  189  111  191
   19   76   48   15   54  187  140   70   32   67
   72   97  189   11   50    1  151   17   70   29
  151  166  179   34   61   60    5   90   47  106
  157  170  158   91  115  144  131  139  179  139
   21  181    8   89   17   31   38  143   41  174
  185   10   70   97    3  191   20   85   90  156
  179  113  181  145   37   36   76   95   53  100
   74   56  180   82  103  149   46   56  118  149
   31   67   86  168   77  164   20   92  122  176
  150  107   62   66   36   26   26  124   43   27
  179  138   12  135   38  113   76  169   53   53

  Bi   hi   su   su
           time cost
 PSIZE,CV,TBO,TSCAP,AVGCAP =      1    2    1    2    9
