   10   20
    1
 1051
 1.00 1.20  17.  62.
 1.00 1.10  11.  50.
 1.00 1.20   8.  37.
 1.00 1.10   5.  75.
 1.00 1.00  14.  50.
 1.00 1.10  14.  25.
 1.00 1.00   5.  50.
 1.00 1.10   5.  37.
 1.00 0.80  11.  25.
 1.00 1.10  14.  25.
  107    0    0  163  101    0    0  140    0  156
   30  109  128    0    0   22    0    0    0  100
  114    0    0  187    0  172    0    0    0    0
    0  142    0    0    0    0  113  166    0  136
  169  109   29   59   90  158   93  129  112   44
   20  126  113   70  139   37   78   88  199   34
   14  171   13  197  162  114   10    2  123   55
  104   76   41  173  179  183   62  101  192    1
  163   86   47  134  114  119   95  130   98  166
  177   26  125   52  174   90   92  124   95  190
  132   94   30   70  117  113  146   51   11    9
  149  140   49  141  132   68   82  139  148   74
   94  162  185   97  148   87   63   27  187  188
   27   57   91  190  160  148  117  129   34   31
   80  157  166   32  145  108  110   93  184   10
  178   93  172  147   16   91  160  195  167  155
   98  180   49   48   40    8   89   16  124  137
  121   35   96   15   70   46   51   87   18  149
   61  144   43  178  189  107  169   27  191    3
  190   12   44  156   59  184   81   62   63   17

  Bi   hi   su   su
           time cost
 PSIZE,CV,TBO,TSCAP,AVGCAP =      1    2    1    1    9
