   10   20
    1
 1716
 1.00 1.00  65.  75.
 1.00 1.10  21.  50.
 1.00 0.90  43.  37.
 1.00 1.00  32.  75.
 1.00 0.90  65.  37.
 1.00 0.90  32.  25.
 1.00 1.20  54.  75.
 1.00 1.10  65.  75.
 1.00 0.80  32.  62.
 1.00 1.00  21.  37.
  149    0    0    0    0    0   16   31    0  159
  118   50  118  195    0   52    0   86   43   12
    0  142    0    0    0    0   84   42  120    0
  108    0  126  130    0  163    0  127    3   67
  139  163  152    8    9  176   87  156  105    6
  149  159   58   53  196  197  109   25  126   71
   40    6   80  179  182  160  112   16   58    0
   75   13  116  116   69  109  175  147  195  165
   44  126   94   71  187   91  197   97  156   33
   21   32  197  197    2   33  180   93  161   85
   60   16  158  120   78   23  155   44   97  137
   24  112    2   68  155   38  165  166   71   45
   38   22  187   25   51   75  149   60   37   85
  130   75  138   92   69   90  175  186  107   98
  130  182  124   13  151  109  165  183   71  115
    0  137  157   31  107  109   99   24  198   71
  106  152   35  175   41   31   21   40   52  150
  153  118  197   96   51   85    9  114  140  115
  180   26  108  156  146  128   10  198  199  107
  193   56   88  179  121   22   25  149  194  152

  Bi   hi   su   su
           time cost
 PSIZE,CV,TBO,TSCAP,AVGCAP =      1    2    1    2    7
