   10   20
    1
 1051
 1.00 1.00  17.  25.
 1.00 1.00  14.  75.
 1.00 1.00  11.  37.
 1.00 1.20   8.  25.
 1.00 0.90  14.  50.
 1.00 1.10  14.  75.
 1.00 0.90   5.  37.
 1.00 0.90   5.  37.
 1.00 1.10  11.  37.
 1.00 1.20  14.  37.
   60    0    0    0    0   57    0    0    0   72
    0    0  106    0    0    0    0   44   64  180
    0  148   60  146   62    0   54    0   23    0
    0    0    0    5    0  140    0  108    1    0
  107  175  156  145   29  184  154   62   18  145
   39   41   97  163   66  168  132  162  101  138
    0   63  175  197  166   35   62   53  162   10
  145  107    0  100  145  145   12   78  122   83
   42   27  183  163  123  151  110   68   47  173
  124  185  187   34  104   61   84  114  197   26
   78  193   75   61    8   91   32  107   95  121
  148  108   81  135   31  174   78  123  190  120
  139   62   25  193   30  136   71  172  109  109
  185   96   42   29  192  193  122  122   51   91
   41   62  198  128  118   85   81   10  152  139
   25  108  166   97   90  168  144  133   50   97
   84  135    8   37  148   78  115   51  139  102
   20   56  150  120   29   77  159   93   19   17
  127  149   62   57  176   57  120  141  174   96
   24  124   65   56  150  119  125   97  194   33

  Bi   hi   su   su
           time cost
 PSIZE,CV,TBO,TSCAP,AVGCAP =      1    2    1    1    9
