   10   20
    1
 1175
 1.00 1.20  17.  37.
 1.00 0.80  14.  62.
 1.00 0.90  17.  37.
 1.00 0.90   5.  62.
 1.00 1.10  14.  25.
 1.00 0.80   5.  37.
 1.00 1.00   8.  62.
 1.00 1.20   5.  62.
 1.00 0.90  14.  62.
 1.00 1.00  11.  62.
  163    0    6    0    0    0  172   93  119    0
    0    0  160  147    0  133    0   84    0    0
   29    0    0    4    0   32    0    0    0   14
    0   37   53  188  148    0    0  124  186  191
  156  124  107  158   62  188   75   97   74   77
   68  191   41   11   91    4  137  117  119  172
  150   36   92  178   88   47   25  125   59   14
  148   84   55  199  194  173   94  121   57  133
   11  170   34   24   41   25  179  159  132  129
   19   44   92  106   92  108  107   72  194  129
   49   25  109  173  133   28  171   87   99   88
   41  184   41   63    8   81  174   48  183  175
   89  179   12   34   90  190   63   56  164  198
  161   97  124   57  108   82   36    2   82   34
  186  114  129  155   84  195   39   75   58  184
   87   96  174  140   61  112   69  136  128   80
   80   39   35   56   17  196  125   16   53  174
   78  124   93  179   89   44  194   69  122   48
   76  180  118  198  104  184   31    6  155  194
    0  145  194   81   87  170   83   80   16  192

  Bi   hi   su   su
           time cost
 PSIZE,CV,TBO,TSCAP,AVGCAP =      1    2    1    1    8
