   10   20
    1
 1332
 1.00 1.20   8.  50.
 1.00 1.00  14.  75.
 1.00 1.10  14.  62.
 1.00 0.80  17.  37.
 1.00 0.90   8.  62.
 1.00 0.90  17.  25.
 1.00 0.90   8.  37.
 1.00 0.80  17.  62.
 1.00 0.80   8.  50.
 1.00 1.10  11.  25.
  178   12    0    0    0   45    0    0  192  158
  130  130  133   60    0    0    0    0    0    0
    0   80    0    0  123    0    0   79  179   95
    0    0    0  135  102    0   38    0    0    0
   83   71  162  157   51   23   83   42   33   17
  199  138  167  183   53   46    1  186   12  178
   63   47  111  183  172  174  165  100  111   59
   19  181   19  156   82  179  169   86  102   13
   13  157  144   12   86  166  166  169  183   40
   68    5  123   28  143  133  156   58   79  110
   16  165  162  153   25    4  198   49    9    9
  168   48   22  100  149  169   10  192  165   65
   57  149  108  175  148    3  110  170   11  191
  149  185    0    8   47    8   25   76  192  181
   59  192  126  151   84  128   70  123  152  109
   62   51  147  151  123  142  158    4   34  168
   14   26   24  109  185  199    2  120   37  121
  126  185   74   16  143   36  147   81  137  144
  169  144  125    4  186  186  125  190    6  114
  167  166   56   92    1   18   92  141   88  124

  Bi   hi   su   su
           time cost
 PSIZE,CV,TBO,TSCAP,AVGCAP =      1    2    1    1    7
