   10   20
    1
 1332
 1.00 0.90  14.  37.
 1.00 1.20   8.  62.
 1.00 1.10  14.  75.
 1.00 1.00  14.  25.
 1.00 1.00   8.  37.
 1.00 1.00   5.  25.
 1.00 1.20  11.  37.
 1.00 0.90  17.  62.
 1.00 1.10   8.  25.
 1.00 0.80   8.  75.
   26  169    0    0    0  197    0  130    0    0
  157    0   93   35  110    0  145   51   20    0
    0  150  154    0    0  154    0    0    0    0
  134  121    0    0  162   50   88   30  119  178
  189  100  130  165  133   92  105  186   37   23
    3   11   35  110   86   49   49   52   65  120
   74  105  122  181  181   34  149  106   68  175
  153   29  123   19  186   50    6  180  138  106
   47  183  182   25   84   29  147  145  190  156
  136   73  182  154   79   80   41  146   32  196
  191  180   55  176   74   86  117   93  135   43
   44   74    6  179  129   67   99   43   14   89
  164   36   83  130  194  191  193   26   10   18
   18  144   33  112  120  120  158  167   32  140
   81  196  164  134    5   20   75   28    6  182
  143   21  148   27  151  185  183  119  179   91
   56  151  129   72   28  126   39   83  105   57
  151  117  111  129   76   51  135   79   27  163
   54  102   68    9   42  171  162    8  128   32
  128   13   15  174   20   11   91  192   78  185

  Bi   hi   su   su
           time cost
 PSIZE,CV,TBO,TSCAP,AVGCAP =      1    2    1    1    7
