   10   20
    1
 1716
 1.00 1.00  43.  62.
 1.00 0.80  65.  37.
 1.00 1.00  32.  25.
 1.00 1.10  43.  62.
 1.00 1.20  21.  25.
 1.00 1.00  43.  75.
 1.00 0.80  43.  50.
 1.00 1.20  32.  37.
 1.00 0.90  43.  25.
 1.00 0.90  32.  50.
    0  174   86    0   41   14  109    0    0    0
   22    0  150    0  172    0    0    0    0   10
  198    0    0  167    0    0  128    0    0  153
    0  199   97    0  146  147  111    3   88    0
  142  125  125   46  139  147  167   14  127  171
  188  150   13  153  125   40    1   45   55  129
   11  193  165   57    6  119  195  179  124  135
   15   77   83   76  197  109  124   60  134  189
  136   28   51   50   39  185   63   90  123  104
   46  194   49   34  167    7   88   21   61  179
   33  152  142   36  149   98  118  112   32  150
  136   22  111    9   24   57  122  160  162  191
  132  192   61  130  162   10  144  104  191   67
  138  152  101  114   72   36   77   91  124  199
   63  184   48  107  152  132  183   14  112   83
   17  180   33   48  191   15   60   20  181   13
   14  167  191  198  156  170  164   25  116   11
  195  176  102   39  174  198  184   28  186  168
   27    3  172  116   44   94  119  149   25   33
  171   44  182    1   44   50  101  104  109   17

  Bi   hi   su   su
           time cost
 PSIZE,CV,TBO,TSCAP,AVGCAP =      1    2    1    2    7
