   10   20
    1
 1354
 1.00 1.10  32.  62.
 1.00 1.10  54.  62.
 1.00 1.20  21.  37.
 1.00 1.10  21.  75.
 1.00 1.10  21.  50.
 1.00 1.20  21.  37.
 1.00 0.80  65.  37.
 1.00 0.80  43.  50.
 1.00 1.10  21.  37.
 1.00 1.10  21.  37.
   66    0    0  154    0   68  154  139  107    0
   95    0   80    0   29  140  101    8    0    0
  182  169    0  189  106    0   98  113  185  170
    0    0   59   96  194    0    0    0    0   28
  128   47   22  107  193  155  102  196  113  149
   73  184  163   13  157  139  187   87   75   57
   81  129  197  116  161  114   21  168  137   88
   57  180   76   67  101  151  167  184   62   87
  123   22  108  190  131  198    4   35  177   51
  183  143    9  180  109   50   83    4  196   46
  103  146  133   36  112   96  183  186  147   13
  173   31   82  171  129  122  103   49  121   20
   13   96   10   43  165  115  193  199   49   97
   94  186   15  195  135   77    9   71  108   63
  163  127  175  111  196   44   96  127   77   70
  107  159  172   56  141   71  135  106   74    9
  197  199  116   44  193   69  127   80   87   80
   85   63   44   94  117  136   64  164  126   61
  124  130  183   25   80    8  150  152  107  146
  101   57   84  145  168   38   61   28   11   15

  Bi   hi   su   su
           time cost
 PSIZE,CV,TBO,TSCAP,AVGCAP =      1    2    1    2    9
