   10   20
    1
 1716
 1.00 1.10  43.  37.
 1.00 1.20  43.  25.
 1.00 1.00  65.  62.
 1.00 1.20  21.  62.
 1.00 0.90  54.  62.
 1.00 1.10  65.  50.
 1.00 1.00  32.  75.
 1.00 0.90  54.  50.
 1.00 1.00  43.  50.
 1.00 1.20  54.  75.
  155  183    0   77    0   68    0    0    0  180
    0   53    0   92  140    0   51  136   87    0
    0    0    0   60  183    0    0  171   23    0
  122  173  137    0  193    0    0   51   24    0
   25   40   15  123  141   51  149  154   32  133
   43   57  155  140    3   72  162  148    2    0
  180  184   62  190   81  120   52  110  130   88
  111  150   90  168   46   14   65   67  178   79
  193   71   43   24  151   14  147   79  131  130
   30    1  138  147   74    1  153   30   27   92
   60   70   46  151   11  133   28  168   74   43
    2   22  115   31  121  183  196  101  186   66
   68  174  146  197  185  140   82    3    2  179
  164   60   23    0  191   43   26  170   96   55
  106   90  195   95  161   68  169   17  129  155
  185   52  124   12  139   59    4   97   90  167
   44   10   68   81  131  112  132   82   61   52
  158    5  143  137   77   93   36  115  105  113
   35   59   38   97  188    5   17   62   13  117
  127   15  136   15  167  183  153   69  130  196

  Bi   hi   su   su
           time cost
 PSIZE,CV,TBO,TSCAP,AVGCAP =      1    2    1    2    7
