   10   20
    1
 1051
 1.00 0.90  17.  62.
 1.00 0.80  14.  37.
 1.00 1.00   5.  25.
 1.00 0.90   5.  62.
 1.00 1.20  14.  37.
 1.00 0.80  11.  62.
 1.00 1.20  11.  37.
 1.00 1.20   5.  62.
 1.00 1.20   5.  37.
 1.00 0.90  11.  50.
    0    7    6    0    0  117  137    0  133    0
    0   65    0    0    0    0    0   37    0  126
    0  135    0    0    1    0    0  103    0    0
   97   61    0    0  119  163  104  148    0  185
  121   73   93  160   83  155   33   29   82  181
  183   46    4    8   10  183  114  156  101  188
   71   82  115   12  114  110  155   21  163  109
   72   77  184   32   15  199  156  161   16   88
  132   70   91   76   31  112  137  116    5  159
   33  102   60  198  143  198  118  160   95  123
  160  157   59   76   85  199  151  142   43   96
  134   18    0   33    0  101  151   70  150   98
   16  155  112   48  150  187  101  155   92   43
   69  189   20  102  182  129   45  102  155   86
  109   56   14  182   70   23  108  189  125   69
  140   53  166   30  135   72   78  190  155   24
   86   51  157    9   73  116   90   25   74  176
   13   52    0  126   89   47  111  189  100  135
   90   82   73  188  181   87  120  108  188   26
  143  152  162   50  185  169   42   79   57  146

  Bi   hi   su   su
           time cost
 PSIZE,CV,TBO,TSCAP,AVGCAP =      1    2    1    1    9
