   10   20
    1
 1332
 1.00 0.80   5.  37.
 1.00 1.20   8.  75.
 1.00 1.20   8.  50.
 1.00 0.80  11.  25.
 1.00 1.00  17.  62.
 1.00 1.00   8.  37.
 1.00 1.20   5.  50.
 1.00 1.20  17.  62.
 1.00 0.90  17.  37.
 1.00 1.00  14.  25.
    0    8  146    0    0  175  109    0   58   95
    0    0    0    0    0    0  140  131    0    0
   46  151    0  172  189    0  167  148  161    0
   63    0    0  105   78   41  156   88   13  118
  128   15  133  192  159   29   83  194  138  106
  144  196   98   65  153   53  171   63   98  164
   67  141  168   69  117   19   42   72   20   80
   55  129   13  112   92  164   11  140   63   31
   11  190  139   41   98  172  108  105   64   97
  150  101   24  191   26  124   49  163   51   83
  192  135    3  102  129  143  119   82  159  157
   69  101   38   72   49  154    3   61  141   20
   63  195  107   25  146  174  164   90  168  144
  132   43   65    3   25  127   68  122   58  127
  180   34  150  119   29   78  166   25    9   25
   66  170  138   86   36   69   54  100   67   13
  174   43   47   95   98   21  193   67  124   76
  186   48   98  103  125  115   94   57   34   88
  177  117   12  192  149   74   89  133  163   99
   18  167  151   81  111  198  154  165   47   47

  Bi   hi   su   su
           time cost
 PSIZE,CV,TBO,TSCAP,AVGCAP =      1    2    1    1    7
