   10   20
    1
 1175
 1.00 1.10  11.  75.
 1.00 1.20   8.  62.
 1.00 0.90  17.  25.
 1.00 1.20   5.  50.
 1.00 0.80  14.  75.
 1.00 0.80  14.  62.
 1.00 0.90   8.  37.
 1.00 1.20  11.  75.
 1.00 0.90   8.  37.
 1.00 0.90  11.  62.
    0    0  105    0    0    0    0  114  113   65
    0   51  147    0   88  106    0    0    0  175
    0   70  139    0  100    0    0  145   81  154
    0    0    0  115    0   33    0    0    0  103
   71   18   74   44  104  180    6   84    6  102
  108   29   60   98  195  139  100  105  127  112
  161   42  143   11   88  188   67  158  166   30
  134   63   73   34  154  140   15   35   76  101
  181  140   10  107   98   37   82  120  137  158
  135   58   35   85  153   98  190  113  193  113
  172   93  122  174   37  119  115   39   72   42
    6   59   97  197   56   57   35   95   11  149
  120   41   47  113  198  136   66  172  149  126
  176   24   20  103  185  139  179  138   16   62
   21  169  139   95   78  116   54   52   23   66
  159  178  182   67    1  103  151  156   25   79
    9  160  192   58    7  115  168   57   81  129
  199  130  120  183    3   42   24  164   86  139
  123  132   97  146  172  146  116   37   54  190
  156  131   48  103  132  151   37  187   96  125

  Bi   hi   su   su
           time cost
 PSIZE,CV,TBO,TSCAP,AVGCAP =      1    2    1    1    8
