   10   20
    1
 1332
 1.00 0.90   8.  62.
 1.00 1.00  11.  25.
 1.00 0.80   8.  37.
 1.00 1.20   8.  50.
 1.00 1.20  14.  50.
 1.00 1.10  17.  62.
 1.00 0.80   8.  62.
 1.00 1.20  11.  25.
 1.00 1.20  11.  25.
 1.00 1.10   5.  62.
    0  123   84  136  118  128    0    0   37    0
    0  114  135   83    0    0  193    0  149  133
    0    0   41  129    0    0    0  102    0   67
   92    0  123   60    0  186  132   30   87    0
  164   76   88  114  164   49   63  134  162  186
    8   54   52   21   56  140   69   26  139  126
  147  160   79  133  135   43   46   83   44   36
   22    3   15   64   46   99  132   80  149  114
  110  150  196  157   87    3  163   71   62  139
    6   98   78   94   31  178  103  125  114  194
  108   36  105   51   21   63  189   70   66   73
    6   83    1  188   21   14   88  156  101   84
    0  170  135   61  156  106   13  178   63   42
   82   68   60   46  132  114  133  178  180   52
  157  198    7   55   69   81  127  188   78  118
  162    3  104  137   75   85    0  163   97  111
   76  188  159  165   15  151   87  150  170  104
   98  157   27   86   27   18   63    7   78  163
  108  170  120   82  153   26  105  140   81  194
   55  178   76  186   49  100  108   38  121  120

  Bi   hi   su   su
           time cost
 PSIZE,CV,TBO,TSCAP,AVGCAP =      1    2    1    1    7
