   10   20
    1
 1514
 1.00 0.80  32.  25.
 1.00 1.20  43.  50.
 1.00 1.10  65.  50.
 1.00 1.00  43.  37.
 1.00 1.10  21.  50.
 1.00 0.80  43.  62.
 1.00 1.10  43.  62.
 1.00 1.20  43.  37.
 1.00 1.00  21.  62.
 1.00 1.20  32.  62.
   88    1  146    0    0  117    0    0   63  118
    0  182   58    0   52  184  138  178   44  130
  117  171    0    0    0    0   70   50    0  110
    0    3    0  167  107   31   85    0    0  151
   83  121  144  185  135   53    9  170   55  149
  124   66   33  199  196  182  129  143  113   52
  162   18  191   91   61   86  122  121   49   86
   27  117  194  191  195  139  196  135  175   44
   54  124  192   26  116    3   49   58  109   77
  100   73  148   71  174   24   38   13  135   22
   23  133  125  191  108  163  186  196  182  128
   40   75   52  147  137   46  150    3   93   87
  179  127  154   93   58  147   86  171   93   29
  178  117    7   58   85  144   57  160  164  105
   42  163  122   45   52  107  122   65  173  169
   29    6  168   72  131   80  160  175   61   54
  173   58   53  191  174   20   14  101   31   28
   82  197   68  195  165  140  133   79   34    5
  128   54  163    9  128   23  172  143   91  126
   10   15    0   62  173  191   52  179  117    1

  Bi   hi   su   su
           time cost
 PSIZE,CV,TBO,TSCAP,AVGCAP =      1    2    1    2    8
