   10   20
    1
 1354
 1.00 1.00  43.  75.
 1.00 1.10  54.  75.
 1.00 0.80  65.  25.
 1.00 1.10  21.  25.
 1.00 0.90  32.  62.
 1.00 1.10  32.  37.
 1.00 0.90  54.  37.
 1.00 1.10  54.  37.
 1.00 1.10  54.  50.
 1.00 1.10  21.  50.
    0  126    0   99    0    0  106    0    0  106
  174  163    0   59    0  115    0    0    0    0
    0   56  181   93  148  115  125    0    0    0
  156  129    0   63    0   33   89  188    0    0
   47   97  105  146   17    6   81  186  117  145
  116   51  134   78  124   94  184    3   35  184
   97  152    4   84   23  102  156  191  178   45
   34  193  158  117  159   94  128   96   66  142
   81   80  133   26  157   30   98   67   31  185
  133  146  101  161  129  197   16  115   91  136
  163  174   33  192  151  192  120  121   63  170
  170   53   47  197   62   92  150  132  102  169
   60   93  167   20   66   13   84  145   62  184
   52  129   41   79   60   66   56  142   71  125
   57    1   88   78  166   26    7   12    2  101
  141   12  114  119  196   87    5  178  125   57
    0   85   65   55  140   74   54  168   32  129
   22   63  176  199  172   53  123    0   78   28
   81  189   35  186  112  114   88   28    6  183
  152  163  152  113  177  124   57   10  145  104

  Bi   hi   su   su
           time cost
 PSIZE,CV,TBO,TSCAP,AVGCAP =      1    2    1    2    9
