   10   20
    1
 1175
 1.00 1.20   8.  75.
 1.00 1.10   5.  50.
 1.00 1.10   8.  37.
 1.00 0.90   8.  75.
 1.00 1.10   8.  25.
 1.00 0.90   5.  75.
 1.00 0.90  14.  25.
 1.00 1.10  17.  25.
 1.00 0.80   8.  37.
 1.00 0.90   8.  50.
  143    0  145    0    0  109   13    0   25   29
  149  159    0    0   10    0  141    0    0   72
    0  193    0    0   56    0    0  127    0    0
   44    0   38   16    0    0   87    0    0    0
  172   37   32   52   28   93   58  154  122   13
   60   40  100  185  170  142    8   82  175   44
  148   18  197  116  160   11   61   69   24   26
  142  141   10  101   64   23  158   60   77   80
  163  195  150  158   44  181  196  119   86   80
  191  149   85   46  135  127   89  133   66  196
   81   75  101   95  158   56   54   17   15  132
  190   52  190  172  118  157   78  149  133   11
  171   35   26   38  194  124  125   59  115   99
  177  133   99   44  122   75  192   95  183  189
  168    6   74  152  182   60  191  111   76   86
    2   69  157   47  101  130  154  172   86   85
  118   12   86  161   40   29   17   37   70   46
  152   19  167  150  168  199  130   20   47  101
  128   48  128   70  120  134  138  152  199  153
  148   69   66   45  170  132   47   91   72   15

  Bi   hi   su   su
           time cost
 PSIZE,CV,TBO,TSCAP,AVGCAP =      1    2    1    1    8
