   10   20
    1
 1332
 1.00 1.00   5.  75.
 1.00 1.10  11.  37.
 1.00 1.20  11.  37.
 1.00 1.20   8.  50.
 1.00 1.20   8.  62.
 1.00 0.80   8.  75.
 1.00 1.00  17.  75.
 1.00 0.80  17.  62.
 1.00 0.80  11.  62.
 1.00 1.10  14.  25.
    0   53   87    0  142    0    2    0    0    0
    0  154    0    0    0    0    0  134    0   31
    0    0  180    0   13    0    0    0    0    0
   52  104    0   80    0  122    0    0   72    0
  130  193  188  187  114   24   89   67   98   38
  191  107   61   56  191  139  133   88  186   61
  169  174  187   24   39   19  160  106  182    9
  186  137  161  153  137    0   72  195  133   69
  177   58   18  183   45  192   50  164   45  144
  183   25  176  137  130  190   66   72  199   56
  137   52   82  179   66   53  119  182    4  158
   27  181  147  150  120   34  104   64    0   27
  154    6  177  122  142   62  109   38   14  135
   17  188   75  106   19  113   51   57   77  112
  136  105  158   78   41   64   13   97   15   58
   14  162  156  145   28  176  113    2   62  153
   83    7  119  189  141  159  114  135   87   62
   15  135    5   13   37   99   11  121  167  107
   39  129  155  187  163  192  132  189   46   56
  116  139   88  140  114  170   80  167  115  178

  Bi   hi   su   su
           time cost
 PSIZE,CV,TBO,TSCAP,AVGCAP =      1    2    1    1    7
