   10   20
    1
 1716
 1.00 1.00  43.  62.
 1.00 1.00  43.  75.
 1.00 0.80  32.  50.
 1.00 0.90  43.  37.
 1.00 1.20  21.  25.
 1.00 1.20  54.  75.
 1.00 1.00  21.  25.
 1.00 0.80  65.  37.
 1.00 0.80  65.  75.
 1.00 1.20  21.  62.
   85   43    0   44    2   12    0   21   32  196
    0    0    0   37    0    0   75    0    0    0
  112    6  192    0  174    0  117    0    0    0
    0    0    0    0  182  194    4  164   66   63
  185   51  114  169  176  198   65    5   39  189
   81  132  115  140  104  120  178   81  106  172
   51  116  179    9    9  173   70  189  113  197
  137   73   77  170   60   80   99  141   33   43
  156   67   98  134  100   43    8   61   89  144
  118   70  101   27  106  133  136   49  172  105
  184  121   85  159   33  105   83   66   40   44
   98  140   38  176   23  115   23  176  158   44
  182  198  125   97   95   98   22   96  132  106
   86   79  189   47  162   64   68  197  171   59
  174   21  124   88   52   53   46    0  183    0
  131  115   52  145  127    9  102   79  168  125
  129   72   23   98  130   76  142  108  128   90
  132   50  109  147  187  128  197   22   51  109
  137  130  189  161  166  107   41   41   71   22
  198   85  179  149  175   39   22  179  186   80

  Bi   hi   su   su
           time cost
 PSIZE,CV,TBO,TSCAP,AVGCAP =      1    2    1    2    7
