   10   20
    1
 1514
 1.00 0.80  54.  50.
 1.00 1.20  21.  75.
 1.00 1.00  21.  25.
 1.00 1.10  43.  50.
 1.00 0.80  32.  75.
 1.00 1.20  43.  50.
 1.00 0.90  54.  25.
 1.00 1.20  32.  37.
 1.00 1.20  65.  62.
 1.00 0.80  65.  62.
    0    0    0  139   67   29    0  109    0    0
  127    0   53    0  176    0    0   14    0   11
  190    0    0   66   73    0    0  142   45  100
  143    0  185    0   33   27    0    0    0   78
  152   54  179  101  109   42  132  146   13  182
   81  181  185  162   98  125   49  157   20  141
  194  105  124   92  170  148  134   27  157   14
  108   66  184   17  119   98   48  149  186  101
  158  110  124  151    2  174  140   66  141  182
  144  125  108   54   15  198  154   63   21  156
   67   97  127   67   19  109   25  134  111  103
  133   62   69   20    5   46   27  148  174  143
  178    6  100   93  158   75  124   20  183   29
   99   81  100  146   50  100   98  191   12   39
  123  128   82  184   98   56    2  107  172   38
   38   84  113   95   72  181   52   53   53   36
  136   24   18   93  148   11  154  152   77   83
  172  125   94  184  100   73   48   40    5   66
  148   22   18  109   40   20  160   96  127   73
  150  176  141   56  174   52  107  122  166  195

  Bi   hi   su   su
           time cost
 PSIZE,CV,TBO,TSCAP,AVGCAP =      1    2    1    2    8
