   10   20
    1
 1051
 1.00 1.10   5.  37.
 1.00 1.20  17.  25.
 1.00 0.90   8.  50.
 1.00 1.00  17.  75.
 1.00 1.10   8.  62.
 1.00 0.90   5.  37.
 1.00 0.90   8.  25.
 1.00 0.90  14.  62.
 1.00 0.90   5.  37.
 1.00 0.80  14.  75.
   95    0  143    0    0    0    0    0   82    0
    2   40   23  173    0    0    0    0    0    0
    0  122    3   99  118    0    0  189    0   13
    0  160    0  157   63    0    0   36    0    0
  125   14   46  143  173   79  135   51   91   40
  160  119  149  125   73  160  130  116  157   94
  138  150  194   36  164  170    7  161   23   29
  170   70    8   24   71  168   91  142  194  104
   12  195  160  115   28  108  137   45   35    7
  127   29  121    0   95  119   42  161   99  140
  121  120   46  180  170   82  178   61   28   18
   54  155  168   57   81  132   17  116   79   64
   92  125  198  149   33  177   77  193  184   63
  199  126  100  104  124  199  161   92   97  147
  174   59  142   50  134   90  186   49  198   40
  158  104  185   35  119  137   56  111  102  129
  139  197  140  193   10  110  116    6   66  141
  182  141   14  125  155   16  127  155  101   89
  134   67  160  182  196   13    5  108  154  131
   65    8   58   76   94  145  193   71   40  106

  Bi   hi   su   su
           time cost
 PSIZE,CV,TBO,TSCAP,AVGCAP =      1    2    1    1    9
