   10   20
    1
 1266
 1.00 1.00   8. 250.
 1.00 1.10  11. 250.
 1.00 1.20  17. 300.
 1.00 1.20  11. 250.
 1.00 0.90   8. 100.
 1.00 1.20  14. 100.
 1.00 1.10   8. 200.
 1.00 1.00   5. 100.
 1.00 1.10  14. 100.
 1.00 0.80  17. 100.
    0    0    0    0    0  131    0    0  137    0
    0  160   65    0    0  138    0    0  158   22
    0    0   39    0    5    0    0   73    0  197
  109   20  104  189    0    0   14    0    0    0
  195  170   72  119   11  174   58  142   58  180
   63   28  198   32    7  153  178   30  146  128
    5   72  144   53   38  146   62  173  193  161
   38  122  122  156   44  193   62  121  109  190
  122   45  153   38  178   39   96  180   66   41
   54  155  158  110  117   15   15  149   83   35
   92  183   17   27    8    6  159   17   10  101
   66  138  166  170  194   88   26   97   94   89
  181   25  190   20   95  136   38  103   24  167
  102    7  179  120  116   36   41  120   95   19
    0   22  132  126  101  108   37   13  142   60
   94  179   78   83  172  120   67  169  125   17
   61   15  137   14  158  143   95   50  188  179
   75   64   26  176  128  184   47    1  183    0
   23  138  146  167   21  173  162  188  123  162
   66  182    6  167   64  129  137  182   74   36

  Bi   hi   su   su
           time cost
 PSIZE,CV,TBO,TSCAP,AVGCAP =      1    2    2    1    7
