   10   20
    1
 1151
 1.00 1.00  32. 250.
 1.00 0.90  43. 250.
 1.00 1.20  54. 150.
 1.00 1.20  32. 100.
 1.00 0.80  21. 150.
 1.00 0.80  32. 150.
 1.00 1.00  54. 200.
 1.00 1.10  43. 300.
 1.00 1.20  32. 100.
 1.00 0.80  43. 200.
    0   91    0    0    0    0   21    0    0  162
    0   67  142    0    0  118  182    0   41   23
  160   77    0  137    0  142    0    0  148   39
    0  121    0    0    0    0  156    0  189    0
  115   73   40  190   86  148   65   82   63   61
  195  126   28  121   10  156  159  109    2   94
   95   14  174   26  153    4   78  186  139   67
   29   67  109   97    9  127   18   53  156  176
    2  188   14  170   11  190  141  150   66   73
    4  178  142   45  100  143  138  185   76   33
   27   60  112   76   78  152   54  179  101  109
   42  132  146   13  182   81  181  185  162   98
  125   49  157   20  141  194  105  124   92  170
  148  134   27  157   14  108   66  184   17  119
   98   48  149  186  101  158  110  124  151    2
  174  140   66  141  182  144  125  108   54   15
  198  154   63   21  156   67   97  127   67   19
  109   25  134  111  103  133   62   69   20    5
   46   27  148  174  143  178    6  100   93  158
   75  124   20  183   29   99   81  100  146   50

  Bi   hi   su   su
           time cost
 PSIZE,CV,TBO,TSCAP,AVGCAP =      1    2    2    2    9
