   10   20
    1
 1286
 1.00 0.90  43. 100.
 1.00 0.90  43. 100.
 1.00 0.90  32. 100.
 1.00 0.80  21. 250.
 1.00 1.00  54. 200.
 1.00 1.10  21. 300.
 1.00 1.10  32. 300.
 1.00 1.20  21. 100.
 1.00 1.10  21. 150.
 1.00 1.00  32. 250.
    0  171    0    0   27  135    0  133  187  131
    0   38  182   52    0  139   64  143    4   54
   85  175    0    0   71    0  185    6   49    0
  171   19    0  145    0   12    0    0    8    0
  181    4   68  134  128  198   27   71  146   72
    0  161   80  128  107   26   53   80  158   68
   87   70  127   74  152   76   81  171   34  117
  137   74   75   55  168   29  107  130   10   85
  169   94   46   74  190   86  150  178   50  162
   44  143  191  177   39    3   64  161  103   57
   73   85  117  105    0   11   65   89  100  180
   40   87  116   89   15  122  133  113  125   36
  182   72   32   49    5  191    2  177  155  123
  111  191  113   89   45  196   74   36   61   35
   61   52  160   10   57   50  187  172  146   11
   69   77  110   21  103  175  183   96  153   20
   72   14   41  124  107   60  152   98   98   99
  109  157   49  113  177   24   12   55   21   35
   15  177   34  174   50  190  197   52  136   80
  113   26  103  132  154  154  190   90  165  132

  Bi   hi   su   su
           time cost
 PSIZE,CV,TBO,TSCAP,AVGCAP =      1    2    2    2    8
