   10   20
    1
 1458
 1.00 0.80  32. 250.
 1.00 1.10  21. 250.
 1.00 0.80  32. 200.
 1.00 0.90  21. 250.
 1.00 1.10  32. 200.
 1.00 1.10  65. 250.
 1.00 1.20  21. 300.
 1.00 0.90  54. 150.
 1.00 0.90  43. 250.
 1.00 1.20  54. 250.
    0    0  136  163    0  144    0    0  136    0
   39    0   74    0  160    0   53    0    3    0
   36    0   56    0    0    0   21    0    0  157
    0    0    0  104   78  150    0  131    0    0
  132   56   44  159   74  113  165   59   17  165
  154  111   53   82  172  133  141  174   99  142
  137  185  188  148  103   57  165  191  116  100
   82  197   64    9   75  129  148  145   86   87
  132  173  156  162  116  119  188   39   23  179
  181  149   60   41  107   12  170   24  166   98
   90   56   62   65   33   11  165    6  198   31
    2  132  104  181   17  144   36   38  101   10
  196  191   77  187   53  115  149   57  122  161
  163   93   84  161  159  164    6  102  106  117
   48  114  192  195   31   27   75  170   72  120
  123   69   59   34   74   98   85  129   75   43
   92  117   52   32  127    3   67  138   58    8
  127   26  100  115   82   87  164  147  177   68
   43   49  103  125  115   93  149  122   53    1
  131  106   99   51   57   85  153  197  139   84

  Bi   hi   su   su
           time cost
 PSIZE,CV,TBO,TSCAP,AVGCAP =      1    2    2    2    7
