   10   20
    1
 1151
 1.00 1.20  65. 100.
 1.00 0.90  65. 300.
 1.00 1.00  54. 100.
 1.00 0.90  65. 100.
 1.00 0.80  32. 100.
 1.00 1.20  54. 150.
 1.00 0.80  32. 300.
 1.00 0.90  43. 100.
 1.00 1.20  54. 200.
 1.00 1.20  32. 300.
  142    0   89   54    0    0   46  119    0    0
    1    0  147    0    0  123    0    0    0  171
    0   73  175   14   72    0  146    0    0    0
   59    0   50  176  114  105    0  188  106    0
   66   45  171  137  165   80    3   19   84   87
   42  102  179   17  160  127  195   21  158   80
  155  148  152  124   45   37   11  136   42   33
   19   17  127  139   15  144   56   58   40  115
   69   19  191   83   20  195   91   36   29   52
   51   33  136   51  179  129  161   21   12   85
  156   23  164   94  184    5   45   24  140  148
   66  184   13    1   84   52  185  145  110  115
    4   63  139  195   29   14   17  175    9  143
   99   70  144   67   84   62   41   84   87   48
   37  187   90   91  124  100  116  184  141  199
   33  105   74  120    1    3   14   48  166   77
  175   80  130   12   95   14   70   57  115  119
  187  136  145   73   13  132    4   37  178   46
   42   32   11  179   85   21   93  119  150  136
  118   29   88   22  169  130  144  116   55  165

  Bi   hi   su   su
           time cost
 PSIZE,CV,TBO,TSCAP,AVGCAP =      1    2    2    2    9
