   10   20
    1
 1458
 1.00 1.10  43. 250.
 1.00 1.00  21. 250.
 1.00 0.80  54. 150.
 1.00 1.20  54. 100.
 1.00 0.80  43. 250.
 1.00 0.80  54. 300.
 1.00 0.90  54. 150.
 1.00 1.10  21. 300.
 1.00 1.20  32. 250.
 1.00 0.90  43. 150.
    0    0   62    0   18    0   92  114  136    0
   30    0  127    0    0   19  153   72    0    0
  191    0   58    0  145  114  138    0    0    0
   27    0    0   56  133    0    0    0    0    0
   42   22  149   17   84  104   45   83   55  105
   79   48   89   57  175   48   78  196  185   52
   19   45   97  128  179   22   91   95  143   68
  103  156   83   82  127  183  149   46  160   64
  183   24  171  125    4   82   15   78   87   94
  163  194  143   27  188  191  139  134  193  153
  195  125  124   45  132  126  196  133  162  192
   38   88  139  103  124    8   15   16  161  137
  143  159   98   49  158   24   54  110  114    6
  177  118   17  117   86   93   66   93  120  156
   60  189   95    8   31  111  130  186   44  165
  111  174   25  140  145  143    0   22  131  121
  182   92   41   50  132   73  114   74   51  152
  176   26   33  160  178  180  152  186  182    2
   47   61  140   22   78   33    8  149  150    0
  175  166   93  170   34  126  187   81   41  135

  Bi   hi   su   su
           time cost
 PSIZE,CV,TBO,TSCAP,AVGCAP =      1    2    2    2    7
