   10   20
    1
 1266
 1.00 1.10  17. 200.
 1.00 0.80   5. 150.
 1.00 0.90   5. 300.
 1.00 1.00   8. 300.
 1.00 1.10  17. 200.
 1.00 1.20  11. 150.
 1.00 0.80  14. 300.
 1.00 1.20   5. 300.
 1.00 0.90   5. 250.
 1.00 0.90  14. 250.
    0    0  123    0    0  164  103    0  173    0
  158    0    0    0    0   82    2   94   97    0
    0  158    0    0  122   24  128   91   35  130
    0    0  157    0    0   29    0    0    0   63
  169  158    0   11   67   67   68   70   71  168
   90   33   19   18  132  164  105   50  110  151
  106  148   17  192   97  192   29  133   70  185
   91   13  195  157  197  108  115  123  111   82
   21  110   11  136   52  186  158   68  192  143
  146   26   59  123  141   54  162    4  109  162
  174  139  157   18   28    1  153   29  128   39
  170  184   37  136   17   80   82   49  178  132
   92   13   83  140   48   36  181   67  112  115
   89  122  103  155   77  155  178   12   37  109
   66   73    7   92   41  157   89  111   46   39
   21  175  170   20   47   95  102  147  141  170
   74   30  124    8  116  168   53  156  177  101
   25  189   11   48  187  192   52  168   56  176
   63   57  174   45   63  174  186   16   96  187
  104   72   13   33   84  163  162  167    3  163

  Bi   hi   su   su
           time cost
 PSIZE,CV,TBO,TSCAP,AVGCAP =      1    2    2    1    7
