   10   20
    1
 1266
 1.00 1.00  11. 200.
 1.00 1.00  17. 150.
 1.00 0.80  14. 250.
 1.00 0.80  14. 200.
 1.00 1.10  14. 250.
 1.00 1.10  14. 250.
 1.00 0.80  11. 150.
 1.00 1.10   8. 100.
 1.00 0.90  11. 300.
 1.00 1.10   5. 250.
   24    0    0  132    0    0    0    0    0    0
    0    0   61  158  122   81   31  178  102    0
  101    0    0  179  171  195   91  135   63   64
   14  106   51  112  153  104    0  157    0    0
    4   37  179   51   62  115   67   11  157  165
  127  163   38    5   89   42  183   24  174  136
  147   86  165   63   37   54  188  143  176   96
    9  133   44  167  117  192  176  126   70   39
    7   86    7   95   57   30   69  105   57   53
    5  146  159  179  190  103   38  159  128  112
   54   79  149  124  163  167   94   66   84   71
   55   99   45   28  160   26  149  187   12   68
   57   36   95    1   90   86   98   90   60   87
  136  193   40  188   75   98   79   95   32   76
  132  150   36  188  111  198  157   79   55   36
  119  129   15   23    5   17   60    4   80    5
  129   61   98  184  179  199   51   16   33   51
    4  168   86    7  101   86   14   39  105   24
   58  131  194  184   58  166  191  104  135  164
   87  146   53  117  166   37  173   20   17  127

  Bi   hi   su   su
           time cost
 PSIZE,CV,TBO,TSCAP,AVGCAP =      1    2    2    1    7
