   10   20
    1
 1117
 1.00 1.10  14. 150.
 1.00 0.80  17. 150.
 1.00 1.20  17. 100.
 1.00 1.00  11. 200.
 1.00 1.00   8. 100.
 1.00 1.20   5. 300.
 1.00 1.00  11. 250.
 1.00 1.00   8. 250.
 1.00 1.00  14. 100.
 1.00 0.80   5. 150.
    0  174    0   63   52  142    0  127    0    0
   85    6    0    0    0    0    0   98    0   46
    0    0    0  155  119   86  180  144   43   79
    0   57  163  184   85    0    0    0  189   66
   75   19  151   54   89    3  152    7  101   91
  144    4   42   15  112   80  102  159  105   82
  167    1   53  101   81   83  152  112  172    2
   23  117   34   25   40   19  150   48   64  149
   41  127  126   37  179   50  153  192    4  184
  174   73   93   67  165  107   49   90   55  152
  141  135   85  158  125  102   23  172  140   81
   91   93  125  191   13   44  143  189   64   69
  199  178  184   71  113  185   68   84  152  106
  137  161  156  147   35   11  145   97   46  146
  189  142   59   93  174   59  151   93  179  189
   91   84   80    3  121   32   88  191   90  158
   94   32   81  157  156  176  195   55   65   89
  106   11   70   84  134  106   74  113   67   14
  182   75   44    1   12   58   40  116   81  170
  131   39  152   85  122   34   86  162   44  150

  Bi   hi   su   su
           time cost
 PSIZE,CV,TBO,TSCAP,AVGCAP =      1    2    2    1    8
