   10   20
    1
 1286
 1.00 1.20  65. 150.
 1.00 1.10  32. 250.
 1.00 1.20  43. 300.
 1.00 0.90  21. 150.
 1.00 1.00  43. 200.
 1.00 1.20  32. 250.
 1.00 0.90  65. 250.
 1.00 1.20  54. 300.
 1.00 1.10  21. 250.
 1.00 1.10  21. 200.
    0  126    0   10  123  178    0    0    0    0
    0  153   44    0    0  181    5  169    0    0
   77    0    0    0    0  138  147  171    0    0
    0  157    0    0    0    0    0  153   16   42
  109   20    1   27  147  165  106   46   76    6
  161   33   87  178  125   50  165   51  166   54
   78  142   92  139   75  173   82  154   33   42
  150   50   72  140   33   42  158   88  196   18
   38   62   29   15   30   46    0  184   10  184
  117   62   93  152   38  189   95  101   40   80
   83  152  116  192   88  138   99  110  161   58
   41  125  112  179  141   30  121  195  165  144
  156  178    3   85   37  182   67  104  164  121
  138  147  174   56   29   65  129  122    3  104
  143  106    5  136   98   18  173  183  110  131
   95  137   40   10   96   33  177   73  173    5
  126   52  161   20  105  199  108  196  167  150
   68   47  172  122  185    1  111    2   82   29
   56   69   77  104   90   20  137  178  146  166
  122  120  148   10  146  113  128   50   43    3

  Bi   hi   su   su
           time cost
 PSIZE,CV,TBO,TSCAP,AVGCAP =      1    2    2    2    8
