   10   20
    1
 1117
 1.00 1.00  14. 300.
 1.00 0.90  11. 150.
 1.00 0.90  14. 300.
 1.00 0.80  11. 200.
 1.00 0.90   5. 150.
 1.00 1.20   5. 200.
 1.00 1.00  14. 150.
 1.00 0.90   8. 100.
 1.00 1.10  11. 100.
 1.00 1.00  11. 300.
  108    0  184    0   98    0    0    0    0    0
   19   70    8  122  195   58    0    0    0    0
   90    0    0    0  193   55  186    0   78    0
    0   22  116    0   52  171   70  104    0    0
  176   30   58   78  102  178   11   28   67  109
  197  165  127  158   15  101   23   77   15   10
  121  177  166  184   61  185   68   89   75  141
  118   86   86  127   53  167   41  191   82  113
  104  126  114  176   12   55   16    4   76  177
  199  171   45   82   47   65  170  147   29  175
   98   24  110  184  184   30  195    6   71  131
  188  151   23    1    0  193   56  186  118   50
   19   60  182   64   13  105   57   51  190  187
  199   92  113   29   23   82   38   12  127  186
  167  124   27  131   75   25  191   22   97  133
    5  128   59   91  171  153  160   30   80  165
    5  195   24   80   21  125   98  103   29    4
  159   39   41   96  153   24  195   48   26  127
   58  197  153  163  153  114  177  120   31  182
  123  108  171   30  198   14  194  141  121    5

  Bi   hi   su   su
           time cost
 PSIZE,CV,TBO,TSCAP,AVGCAP =      1    2    2    1    8
