   10   20
    1
 1117
 1.00 1.00  14. 100.
 1.00 1.20  17. 300.
 1.00 1.00  14. 250.
 1.00 0.80   5. 100.
 1.00 0.80   8. 200.
 1.00 1.20  17. 200.
 1.00 1.10  11. 100.
 1.00 0.80  11. 150.
 1.00 1.00   5. 150.
 1.00 1.10  17. 200.
   36    0   19    0   12   92    0   15   78   87
  193    0   19    7    0  112    0    0  176    0
    1   10   48  197    0    0    0  158    0    0
   94    0    0  118    0   84    0  195    0    0
  110  190   17   75   59   90  163   14   64   56
  158  159  193  163  153   17  148   61   57  190
  130   86   98   88   53   56   51    5  164   57
  113  104  121   81  142  167  155  199   27  170
   88    9  191  168  191   84   33   64   89  105
  110  118   24   55  113  126   45   26  151  188
  102  152   67   25   47   54  101   71  126   64
  136  171   14    3   89   64   13  107   63  177
    7   10  192  170  190  169    4   56   93    7
   46   11   48  192   18   65   30  191  176   32
   76  121  199   81  153  136  198  164   15  162
  151  112   83   12   51  195   11  104   68  194
   53   61   90  144  117  158  192   68   30  171
   69   94   98   33  165    6   96   72  172    3
  132   94  126  183  160    7  138   96   90  172
  171  152  151   84  132   92  116   46    2  196

  Bi   hi   su   su
           time cost
 PSIZE,CV,TBO,TSCAP,AVGCAP =      1    2    2    1    8
