   10   20
    1
 1458
 1.00 1.20  65. 250.
 1.00 1.10  65. 200.
 1.00 0.90  65. 150.
 1.00 1.20  54. 300.
 1.00 1.10  43. 100.
 1.00 1.10  21. 100.
 1.00 0.80  43. 100.
 1.00 1.10  43. 300.
 1.00 0.80  65. 150.
 1.00 1.00  21. 200.
   44    0   20   54    0   73    0    0   64    0
  132   78   35   26   41    8    0    0    0   73
  147    0    0   90    0   44  132    0    0    0
   18  176   11    0   68   27  152    0    0    0
  110  139   39   91  142  101  188   71   83   21
   98  150   90   72  114   87  125  131  183   19
  140    2   58  129  188  163  187    6  131   64
  100  172   93  119   59   58   15  160  147    7
  133   69   84  141  143   29    3  152    4   86
   32   44  176  170   14  102   37   53  188  148
    8   33  124  186  191  156  124  107  158   62
  188   75   97   74   77   68  191   41   11   91
    4  137  117  119  172  150   36   92  178   88
   47   25  125   59   14  148   84   55  199  194
  173   94  121   57  133   11  170   34   24   41
   25  179  159  132  129   19   44   92  106   92
  108  107   72  194  129   49   25  109  173  133
   28  171   87   99   88   41  184   41   63    8
   81  174   48  183  175   89  179   12   34   90
  190   63   56  164  198  161   97  124   57  108

  Bi   hi   su   su
           time cost
 PSIZE,CV,TBO,TSCAP,AVGCAP =      1    2    2    2    7
