   10   20
    1
 1286
 1.00 0.90  21. 150.
 1.00 0.90  43. 150.
 1.00 1.20  32. 100.
 1.00 1.20  65. 300.
 1.00 0.90  54. 100.
 1.00 1.20  54. 250.
 1.00 0.80  32. 200.
 1.00 1.10  21. 150.
 1.00 1.00  43. 250.
 1.00 0.90  54. 250.
  196    0    0    0  130  104   96    0   51    0
    0   50    0    9    0  165    0   45   93    0
    0   25   50    0    0  117    0    4    0   92
    0  180   61  116    0  121  191   39    0    0
  116   26  189    1   89   81  176  157  140  194
  110   53   89    9   86  191    8  111  136  114
  109   43  138  172    8  155  183   42   77   42
   68  195   66   29  180  128   53   62   92  140
  183   51  136   87   57   86  158  117   60  183
   61   95  171   23   55  122  173  137   53  193
  178   31   51   24   81   25   40   15  123  141
   51  149  154   32  133   43   57  155  140    3
   72  162  148    2    0  180  184   62  190   81
  120   52  110  130   88  111  150   90  168   46
   14   65   67  178   79  193   71   43   24  151
   14  147   79  131  130   30    1  138  147   74
    1  153   30   27   92   60   70   46  151   11
  133   28  168   74   43    2   22  115   31  121
  183  196  101  186   66   68  174  146  197  185
  140   82    3    2  179  164   60   23    0  191

  Bi   hi   su   su
           time cost
 PSIZE,CV,TBO,TSCAP,AVGCAP =      1    2    2    2    8
