   10   20
    1
 1266
 1.00 0.90  14. 300.
 1.00 0.90  17. 250.
 1.00 0.80  14. 150.
 1.00 0.90   5. 250.
 1.00 0.90  14. 300.
 1.00 0.90  14. 250.
 1.00 1.10   8. 250.
 1.00 1.00  17. 150.
 1.00 1.00   8. 200.
 1.00 1.00  17. 250.
    0    0   68    0    0    0    0    0   45  194
    0    0    0    0  155   43  191   62    0    0
   34  160  167    0  172  153    0    0    0    0
    0    0    1  131  111   29    0    0    0    0
  108  150  111  185  186  135  144   80   58  141
   54  166   25  105  145  111   22   99  141   30
   24   72  177  127  171   91  113  138  114  187
  176   63   53  151  150   95   92   93   19   18
  132  162    0  188   29   65  123   91  174   73
   94  167   14  129  178  113  185   71   96  197
   63   96  158  149   32   78  134   54   17   12
  112  110   63  154   77  163   22  105  182  111
   40    8   88    8   86    1   60  152   90   57
  163  183   86  196  137   78  103  179    8  104
   98  157  125  111   67   38  121  121  157   57
  163  181   74   45  114   22  173  151  132  189
   50  183  149  148   93    2   12   54   19   23
  164   98    3  187  193  159  127    7   84  199
  164    7  109  136   26   40    1   44   51  107
  128    2  147  192  152   94  171   37   35   73

  Bi   hi   su   su
           time cost
 PSIZE,CV,TBO,TSCAP,AVGCAP =      1    2    2    1    7
