   10   20
    1
 1458
 1.00 0.80  54. 250.
 1.00 0.90  21. 200.
 1.00 0.80  54. 200.
 1.00 0.90  21. 100.
 1.00 1.00  43. 300.
 1.00 0.90  54. 300.
 1.00 0.90  54. 200.
 1.00 0.90  21. 300.
 1.00 0.80  54. 100.
 1.00 0.90  65. 250.
    0    0    0    0   10  167   28    0    0    0
  162  107  169    0    0    0    0    0    0    0
    0   29    0    0    0  101    0    0  153   95
   73   85    0    0    0    0   90    3   41    0
  149   37    3   88   55  166   13  136   25  133
  102  160  118  148  124  170  103  193  187  174
  157   55  154  150  170    4   49   57  103   48
  117    7   63  114   57  190  128   81   79  129
   13  109   82   35  191  134    3  108  166  105
  131  132   38  140   27    8    2  140  150  175
   30  171   66   81  144   85   85  131   84   76
   84  195   40  175  197   69  100   30  131   50
   15   35   77  105  198  198  105   86  187  179
  184  167  137  100  123  123  158  144    3  138
  125   50  166   59  108   56  127  191   96  194
  145   44  175  164   92   74  112  162  148   95
   11  150  126  169   83  190   19   87  107   33
   95   18  194  107   32  186  134  144   82  171
   23   57  134   18    6   71  132   94   26  148
  176  161   61   58  195  155   84  100   15   44

  Bi   hi   su   su
           time cost
 PSIZE,CV,TBO,TSCAP,AVGCAP =      1    2    2    2    7
