   10   20
    1
 1151
 1.00 1.20  43. 150.
 1.00 1.00  54. 150.
 1.00 0.80  21. 250.
 1.00 0.80  43. 150.
 1.00 1.20  32. 150.
 1.00 1.00  32. 100.
 1.00 0.90  43. 300.
 1.00 1.20  65. 200.
 1.00 1.20  32. 150.
 1.00 1.00  21. 300.
    0    0   16   58    0    0    0  186  131  126
    0   96    0    0   61    0   40   55  171   43
    0  170  130    0  189  197    0  113    0  165
  182    0   20  135    0    0    0    0    0    0
  158  197   94  142   75  143  126  116  191   81
  113   15   38   90  153   68  124   68   43   46
   84   48  156   26  185  182   14   19  188   57
   36   98   11  134   31  185  133   44  162   93
   95   25  137  128   72  139   21  184   19  136
  173   30   80  169   30  111  143   48  119   16
    7   95   56  119  152   36  179   59    6  105
  120   69   82  129   94   47  177  150   93   87
  175   13  159  160  180   92  154  157    3   38
    4   77  187   47  180  161  135  138   41   15
  116  101   88  121  106   70   94  186  120   63
  180   14  138   29   37  155  121    0  190   40
  111   52   77  156   78   57   58   29   53   55
   55   30   85  197   42   75   31   26   74  170
  178  102  123  113   96   79  114  132  174  165
  197  144   16   16  148   64   74   32   35  122

  Bi   hi   su   su
           time cost
 PSIZE,CV,TBO,TSCAP,AVGCAP =      1    2    2    2    9
