   10   20
    1
  999
 1.00 0.90   5. 150.
 1.00 0.80  11. 100.
 1.00 1.00  11. 100.
 1.00 1.20  11. 250.
 1.00 1.10   5. 300.
 1.00 0.90   5. 100.
 1.00 1.20   5. 100.
 1.00 0.80  11. 300.
 1.00 0.80  14. 200.
 1.00 1.10  11. 150.
  144    0    0    0   56    0    0    0    0    0
   18  161  119    0  199  112   25    0    0  178
    0  122    0    0    0    0   90   50  122    0
  183   54   50   14   30    0    0   40  131  158
   85  175   29   57   81  125  180   52   60   91
  152   58    3   97   98   15   51  170   73   28
  120    5   28  121    7   39  164  152  107   46
  169  112  148  174   44   58  156  130   44   87
   84  108  158  157  181  116  177  105   47   94
   90  188  157  148  139   51  167   51   56   73
   93  166  112   74  162  136  134  116   32  122
  180  176   16   79   87  186  165   15  146   70
  186  198  197   91  124  101   21   65    5   42
    2   30  164   25  124   51   75  154  179  130
   73  121  121  154   41   89  118   76  135   66
   55  128   12  109   87   60  103   25  177  143
  157   93   30   82  180   78   74  125   27   26
  111  173   17    0   46   78   12   86  161   42
  140  193    8  103   88   16  131  175  180   75
  163  133  102   64  117   68  196   70  110  178

  Bi   hi   su   su
           time cost
 PSIZE,CV,TBO,TSCAP,AVGCAP =      1    2    2    1    9
