   10   20
    1
  999
 1.00 0.90  17. 150.
 1.00 1.00   5. 250.
 1.00 1.00   8. 100.
 1.00 0.80   5. 200.
 1.00 1.10  11. 250.
 1.00 0.80  17. 150.
 1.00 0.80   8. 250.
 1.00 1.10   5. 300.
 1.00 1.00   5. 150.
 1.00 1.20  14. 200.
    0    0  125  128    0  142    0  114    0  196
    0    0    0    0  110  196   52  137   84    0
   60    0   47   53    0   17  119    0  170  161
    0    0  108  124    0    0    0   41  133  156
  161   11   59   51  172   82   62   56  174   57
  132   13  184   95   43   44   79   31  192  177
   32   64   97  156  130  143    7   71  121   32
   83  169    3   53   87    4  168   85    9   16
    8  106  105  186   29   79  173  155   58   81
  124  169    1  137  137  129   77   54  151  137
  120   34    1  104  159  191  158   30  196    4
  157   22  156   55   61   66   17    3   65  158
   82  167  101    1  146  187  136   39   15  140
   30   32  118  157   78   52   25   81   17   94
  162  185    5   37  182   60   98  194  129   51
   39  171  190  159   49  104  126  114   78   73
  115   85    0  163   96  103   42  178    1   69
  173   33   96   31   67   88  176  106  164  107
  155   53  154  164  146  170   41  169  158   97
  150  194   44    5   34  153  134  187  119   54

  Bi   hi   su   su
           time cost
 PSIZE,CV,TBO,TSCAP,AVGCAP =      1    2    2    1    9
