   10   20
    1
 1117
 1.00 0.80  14. 300.
 1.00 0.80  17. 300.
 1.00 1.20  14. 200.
 1.00 0.80  17. 150.
 1.00 1.00  14. 100.
 1.00 1.20  14. 250.
 1.00 1.20  11. 250.
 1.00 1.10  14. 200.
 1.00 1.10  17. 200.
 1.00 1.00  11. 150.
    0    0   97   72    0    0    0    0    0   44
    0    0    0   13    0    0    0    0    0   59
  142    0    0   65   24    0   61    0    0    0
    0    0    0  179   27  117  196  196  106  115
  136   82  129  189  173  132   26  164   62  144
   26   75  181   32   28   82  194   50  143  134
   59  153  105   28   79  176   78    4  141  136
   89   71  120  129  103  100  174    8  143  110
  128   80   76  117  174   78   19   28  197   26
  180  149   72   75  170  172  168  133  170   40
  160  118  149  131  103   86   97   86   45   20
  116   57   70   76   89   15   24    8   26   84
   22  198   93  126  193  114  178  123  141   51
  149  159  153   46   28  154  190   89   65  122
   83  137  132   95  129  197   15  108   58  135
   22  118   51   20   58  166  191    7    7  175
   96    8  133   51  110  144   69  196   56   68
   67   58  148   86  164  156  124   17   66   43
   62  182   39  166  165  155   17  138    3  184
  182   18   47  115    5  166   70  140   42    0

  Bi   hi   su   su
           time cost
 PSIZE,CV,TBO,TSCAP,AVGCAP =      1    2    2    1    8
