   10   20
    1
  999
 1.00 1.00  17. 150.
 1.00 0.90  11. 100.
 1.00 0.90   5. 200.
 1.00 0.90   8. 100.
 1.00 1.00  14. 150.
 1.00 1.10  11. 100.
 1.00 1.00   5. 300.
 1.00 1.10  11. 250.
 1.00 0.90  17. 250.
 1.00 0.90  14. 100.
    0    0   55  162  195    0   92   39    0  128
    0    0    0   12   11  153    0   19    0    0
    0    0    0    0    0   34    0   25   55    0
   72   14   49    0    0   34   53    0  163    0
  181   82   94  198  180    6  183  154   68   19
  106    8  148  144   80   55  131   22   46   78
   15  101   18   49  134   93    8  146  132   28
  175  109   87   58   95  198  171  157   78  155
  165  140  131  170  149   46  151   18  172  189
  142  167  148  161  177   63  150   55  105   78
   41  156   88   13  118  128   15  133  192  159
   29   83  194  138  106  144  196   98   65  153
   53  171   63   98  164   67  141  168   69  117
   19   42   72   20   80   55  129   13  112   92
  164   11  140   63   31   11  190  139   41   98
  172  108  105   64   97  150  101   24  191   26
  124   49  163   51   83  192  135    3  102  129
  143  119   82  159  157   69  101   38   72   49
  154    3   61  141   20   63  195  107   25  146
  174  164   90  168  144  132   43   65    3   25

  Bi   hi   su   su
           time cost
 PSIZE,CV,TBO,TSCAP,AVGCAP =      1    2    2    1    9
