   10   20
    1
 1286
 1.00 1.00  43. 200.
 1.00 1.20  43. 300.
 1.00 1.20  21. 300.
 1.00 1.00  65. 150.
 1.00 1.00  32. 200.
 1.00 1.10  43. 100.
 1.00 1.20  54. 250.
 1.00 1.10  21. 250.
 1.00 0.80  65. 100.
 1.00 1.10  32. 200.
   75    0   49    0    0   91    0    0  133    0
  106  161    0    0   77    0  162  177   58    0
  137    0  183    1  131    0    0   99    0  197
   33    0    0    0    0    0    0    0    0    0
  190  112   85  129   71  121   31   74  130   59
  178   42  117   64    5   52   61   99  196   29
    3  159   44  175  160   68  173   42  153   62
  120  102  161  117   36   37   99   10  116  144
  119   73    9  106  100   57  191  134    0   96
  125  167   76   70  109   75  194    0  148    8
   37  150   86  149  172  129  116   70  113  195
   25   87   49   45   24  138  143   50   26  109
  157   47    3  193   38  178   34  165  199  159
  178   87  145   41   57  173   35  111   93  176
   74  184   55   45  172  141   83    0  175  161
   73   93   64   86   92  162   95  108   83  140
  150  173   22   33    1  105  167  127  147  154
   44  109    1   86   65   42   63    2   45   47
   76  192  188   90  183  130   41  173  180   92
  156  168   49   31  149  137   30   56   60   58

  Bi   hi   su   su
           time cost
 PSIZE,CV,TBO,TSCAP,AVGCAP =      1    2    2    2    8
