   10   20
    1
 1458
 1.00 1.10  43. 200.
 1.00 1.20  54. 150.
 1.00 1.10  54. 150.
 1.00 0.80  21. 100.
 1.00 0.90  32. 150.
 1.00 0.80  21. 250.
 1.00 1.20  65. 300.
 1.00 1.10  65. 300.
 1.00 1.00  32. 150.
 1.00 0.90  21. 100.
    0    0  122  172  126    0   14    0    0    0
    0    0  194    0  115    0    0   88    0  194
    2   57    0  163   70    0    0    0  111    0
  164  151  100   13    0  183  149    0    0    0
  101   49   32  155  162   22   16  100    2   61
  146   48  195   32   32   99   54   86  181  150
  166   88   36   59   24   10   44  168  129   46
    6   18   53  159  192   62  129  155   83  188
  112    5   84   18  173  188   37  110   69  154
  124   29   43  194   77  170   57   66   81   46
   69  166   92   61   76   68    3  103  140  198
   36   28   40  189   77  105  196  189  166   95
   80  120  161   86   63  133  163  193  141   24
   86   59  102   33  131   21  141  183   52   37
  153  102   15   22  194   69  126  173    5   30
  135   67   53   16   16  153   93  163  102  134
  175  155  136   86  147  163  192   37   77   90
   20   40   63   11   98   40  100  189  192   33
   61   67   16  189   99  125  139   25  110  176
  144  167  139  105   38   36   73   74   61   10

  Bi   hi   su   su
           time cost
 PSIZE,CV,TBO,TSCAP,AVGCAP =      1    2    2    2    7
