   10   20
    1
 1049
 1.00 0.80  54.  800.
 1.00 0.90  43.  600.
 1.00 0.80  54. 1200.
 1.00 0.80  32.  600.
 1.00 1.20  21.  800.
 1.00 1.20  65.  800.
 1.00 1.00  21.  400.
 1.00 1.10  32. 1200.
 1.00 0.80  65.  400.
 1.00 1.20  65. 1200.
    0    0  180    0    0  124   58    0  102    0
   67    0  156    0   22    6    0    0   55    0
    0  100    0  158    0    0   65   90    0   20
    7    0   67    0    0    0    0  106    0    0
   74  156  199  124   89   58   79  110  110  176
   41  131  143    5   58   98   14   50  167   71
   33  169   31  112  136   10  136   56   16  192
  112   72   59    9  121  183   98   65   56  150
  113  199   44  170  130  142    4   59  117  106
    6   37  167  178   28   28  117  187  147  106
  180   91   51   21   70  190  121   39   22  179
  185  174   66  161   85  158   34  113  115  183
  146  125   93  172  149   25   35  180   69  129
  196  104  105   95  130  104   96   45   51   95
   60   50  156    9   81  165  197   45   93  107
  187   25   50   71  137  117   14    4   97   92
  177  180   61  116   90  121  191   39  199  148
  116   26  189    1   89   81  176  157  140  194
  110   53   89    9   86  191    8  111  136  114
  109   43  138  172    8  155  183   42   77   42

  Bi   hi   su   su
           time cost
 PSIZE,CV,TBO,TSCAP,AVGCAP =      1    2    4    2    9
