   10   20
    1
 1172
 1.00 1.00  54.  800.
 1.00 1.10  32.  600.
 1.00 1.00  32. 1200.
 1.00 0.80  65.  600.
 1.00 0.80  54.  600.
 1.00 1.20  65. 1200.
 1.00 1.10  21.  600.
 1.00 1.00  32.  800.
 1.00 0.90  21.  400.
 1.00 0.80  32.  800.
  113    0  133  136    0  174    0    7    0  123
  152   10    0  179    0    0    0    0  160   69
  179    0   66    0    0    0  199   61   72   44
    0   94    0  141  182    0  124    0    5    0
  110   48   61  129  158  198  105   90  106  105
   79  145  103   77  151   56  196  177   99  118
  104   85  190    6   11    3  122   40   24  182
  184  144  110   20   95  141  163   36   93  183
  107  111  108  159   62   78   66   75   15   24
   10   42  160  100   43   12   79  123   83  135
   16  183   59  178   48  152  198  149   34  186
  112  121  123   73   73   56  185  109  114  104
  118   66    7   47   14   61   36   68   43   50
  110  154  124  121  135  136   31  166   32  145
  110   17   77   66  183  107  114  126  135   96
  112   96   87   53   66  113   30  128   30   20
   50  119    0    3   16   68   30  171   71  102
  129  140  103   19   35   38  114   86  113  177
   24  118   33  112  112  176   26   36  178   53
  184  134  149   19  193   85   23  195   64   22

  Bi   hi   su   su
           time cost
 PSIZE,CV,TBO,TSCAP,AVGCAP =      1    2    4    2    8
