   10   20
    1
 1049
 1.00 1.10  21.  400.
 1.00 1.00  54.  600.
 1.00 0.80  65.  600.
 1.00 1.00  32.  400.
 1.00 0.90  21. 1200.
 1.00 0.80  43.  800.
 1.00 0.90  65. 1000.
 1.00 0.80  54.  400.
 1.00 1.20  54.  800.
 1.00 1.10  32.  800.
    0    0    0    0    0    0    0  110    0    0
    0    0    1  197   70    0   99    0    0  159
  130    0    0    0    0   10    0    0  168  173
    0    0    0  197   36  140    0    0   97    0
   31   77  141   98  180  157  110  131   90   13
  104   51   20   64    0   21  124   89  158  102
   75   46    9   39  151   80  108  189  128   88
  125   23  199   87  186   68  178   66   61  169
  182   31  119  168   31  130   32   11  180   86
   24   97  113   93   58   54  194  181  142  120
  194  165  153  102   12  108   82   37    9  119
  168   31   23   63  165  139  129  162  124  166
  185  169   41   79   64   90  120  183  105    4
  133   94  116  130   44   84   66   68  176  156
   39   65   34   17    0   44   56  144   80  164
  195  145  133  142  183  142  103    4  145  162
  102   44   95  127   85   13  144   66  186   26
   57  110   89  162  119  141  181   36  160  152
   37  179   50  150  178  149   86   55  181  103
    6  162   36   99   15   46  137  137   29   41

  Bi   hi   su   su
           time cost
 PSIZE,CV,TBO,TSCAP,AVGCAP =      1    2    4    2    9
