   10   20
    1
 1087
 1.00 0.90  11.  400.
 1.00 0.90   5.  400.
 1.00 1.10  17.  400.
 1.00 0.90  14.  400.
 1.00 1.10   8.  800.
 1.00 0.90   5. 1000.
 1.00 0.80  11.  400.
 1.00 1.00   8.  800.
 1.00 0.90   8.  800.
 1.00 1.20  14. 1200.
  146    0   63   74   41    0    0    0    0    0
  105  124    0    0  177    0  153  199    0    0
    0   46    0   95  152  123   38    0    0  160
  114   22    0  173   18  108   30    0    0  196
  159  101  162  133   10  164    9   20   38   51
  162   28  149  167  101  102   99   78   85   79
   97   37  196  145   23  149   10   39  143   33
   24   40   28    0  150   20  198  105   92   17
   13  124  165   75   76  154  176  114  106  129
  109  130  199  116   44   91  101  173   88   89
   22  167  119  199  198   98  149   84   45   33
  197  181   14   25   27  134   87   75  153   82
   99  128  157    6   55   78  127  115  177    9
  124    4   92   62   85  104  138   77   85   88
   44  106  180   95  172  130  123   97   11  138
   61  126  145   46   93   92  108  100  140   22
   76   19   43   85   81    6   25   96  100  129
   59   82  121   49  181  152  180   46  130   95
  145   84  176  136  128   80  178  178   44  128
  109  139  141   33   39  137  198   61  177   24

  Bi   hi   su   su
           time cost
 PSIZE,CV,TBO,TSCAP,AVGCAP =      1    2    4    1    8
