   10   20
    1
 1329
 1.00 0.80  43.  800.
 1.00 1.20  32.  400.
 1.00 1.20  32.  800.
 1.00 1.00  65.  800.
 1.00 1.20  32. 1200.
 1.00 0.90  43. 1000.
 1.00 1.20  21.  400.
 1.00 0.90  43. 1200.
 1.00 1.10  21.  400.
 1.00 0.90  32.  400.
    0  143   20   47   99    0  198   13    0    0
  115    0    0   14    0   61    0    0    0    0
    0    0  181   75   60  191  109   71   70    0
    0    0   99    0    0    0  141    0    0    0
   96   32   76  122    0  188   28  157   12  193
  147   61  160  131  120   73    5  179  137  112
  187   87   73   45   25  144  161  105  172   56
   48  180  156  107  113   18  161  119  144  199
  112   25  107  160  178  174  122   65  174  170
   27   90   50  122   17  183   54   50   14   30
   55   56   40  131  158   85  175   29   57   81
  125  180   52   60   91  152   58    3   97   98
   15   51  170   73   28  120    5   28  121    7
   39  164  152  107   46  169  112  148  174   44
   58  156  130   44   87   84  108  158  157  181
  116  177  105   47   94   90  188  157  148  139
   51  167   51   56   73   93  166  112   74  162
  136  134  116   32  122  180  176   16   79   87
  186  165   15  146   70  186  198  197   91  124
  101   21   65    5   42    2   30  164   25  124

  Bi   hi   su   su
           time cost
 PSIZE,CV,TBO,TSCAP,AVGCAP =      1    2    4    2    7
