   10   20
    1
 1233
 1.00 0.80   8. 1000.
 1.00 1.10  14.  800.
 1.00 1.10  14.  800.
 1.00 0.80  11.  400.
 1.00 1.00  14. 1000.
 1.00 1.10   8.  400.
 1.00 0.90  14.  600.
 1.00 0.90  11. 1000.
 1.00 0.90  11. 1000.
 1.00 0.90   8.  600.
  174    0    0    0  171   45    0    8    0  113
   35    0    0  194  161   28    0    0    5    0
    0   67   36    0  134   51    0  138    0  118
  182    0    0    0   96  170    0    0    0    0
  108   57  132   10  171   45   87   69   24   25
  128   83  190  123   52  183  139   91  159   89
   98  167  186   65   95  134  125   83   18   86
  102   18   41   85   90  161    6   25  100  118
  101   66  137  157   33  120  162  188  118   42
   66   13   82  130    3   38    5   83   12  143
   80   65   89  104  105  193   72   52  166   45
   22  127   99  194   22   74   11  109  101  136
  187  105   74  118  193   78   79  151  133  100
  151  183   69  106   70   84  137   22    3   15
   65   50  112  166  169  183   40  167  153  186
  177  174   30  175   89   74  142   21  161   91
  195   83   97    6    9  199    7   52   44  195
   73  141   23   81   35    2  100  126  144   41
  167  147   56   32   92   11   75  113   60   11
  127  199  141   81   85  160   39  135  185    8

  Bi   hi   su   su
           time cost
 PSIZE,CV,TBO,TSCAP,AVGCAP =      1    2    4    1    7
