   10   20
    1
 1233
 1.00 1.10  14.  800.
 1.00 1.20  17.  800.
 1.00 1.10   5. 1000.
 1.00 0.90  14.  400.
 1.00 1.10   8.  400.
 1.00 1.10   5. 1200.
 1.00 0.90   5.  400.
 1.00 0.90  11.  800.
 1.00 0.80  11.  400.
 1.00 1.00   5.  800.
  115    0    3    0   12  197  176   88  161   20
    0    0  126   65  142    0   98    0  111    0
   65  189   51  189  173  137    0    0    0  192
    0    0    0  114  139    0  142    0    0  162
  161   68   66  182    6  166   58    4   96   90
  174   86   65  141  190  186   95   30   64  109
   26  135  109   84  144   61   83  107  167   17
  145   46   87   64   25  174  133   24  145  179
  194   22   77   25   68  148    0  192   52  172
   76   29    5  164   61  128  158  106  199   93
  121  165   99  100    8   98   66   60  167  177
  118  121  181  187   71  184  178  197   45  192
   43   21  133  140   75   56  175   55   17    1
   56  123  169    0   36   14  153  118  197   99
   69   33  178   79  100   58  195  150   59   31
   49   12   30   74  135   85  153  106   32   98
   49  157   21   45   82   41   31   10  186  127
    0  148   14   72   67   26  152    1   67  154
  148   55  119  159   79   36  126  166  165  163
  157  140  192    0   60  156  121   89  185   46

  Bi   hi   su   su
           time cost
 PSIZE,CV,TBO,TSCAP,AVGCAP =      1    2    4    1    7
