   10   20
    1
 1172
 1.00 1.10  43.  600.
 1.00 0.80  21.  800.
 1.00 1.00  43. 1000.
 1.00 1.20  21.  600.
 1.00 1.10  65. 1000.
 1.00 1.10  54.  800.
 1.00 0.90  65.  800.
 1.00 0.80  54.  400.
 1.00 1.00  32.  800.
 1.00 1.20  32.  800.
    0  174    0    0   50    0  151    0    0  161
    0   87    0    0  129    0    0    0  133    0
  103    0    0   93    0    0   44    0    0  194
    8    0  163    0    0  111    0   85  138    0
  196  118   76  131  150  141   49   38  185   74
   19   60  188   89  182   28    3  165   73  165
  159  133   41  143   17   25    1  175  151   16
   61   20  172  165   14  145   70   93  187  128
  102   99   78  189  150  110   76   91  129   28
   94   67  161   83   48  167   84  107   58   47
  155   33  134   36    5  110  154   19  163  122
  145  178  193   24   93   96   32   66  111   11
   34  106   74  111  152  104  134   53  113  136
    3  195   46  111  196  141    7   84  195   38
   66   49   98  101   15   31   52   28   97   80
   11  170   31    9  171   57   56   22   23  143
  174   85   61  133  176   71  170  199   17   11
  109  103  145  122  185  198    1   24  130  102
  180   26  103  136  170  114  150  171   17  112
   65  147   25  146  174   59  146   69  187  110

  Bi   hi   su   su
           time cost
 PSIZE,CV,TBO,TSCAP,AVGCAP =      1    2    4    2    8
