   10   20
    1
 1233
 1.00 1.00  14.  800.
 1.00 1.20  17. 1200.
 1.00 0.80  14. 1000.
 1.00 0.90   5.  600.
 1.00 1.00  11.  800.
 1.00 0.80  17. 1200.
 1.00 0.90  14.  800.
 1.00 1.00  17. 1200.
 1.00 1.20   8.  800.
 1.00 0.80  11.  600.
   54  133    0  168  126  133    0   41  149   45
  156   47  114    0    0    7    0    0    0    0
   10  197  189    0  159    0    0   87    0   49
    0    0    0  148    0   35    0    0    0   53
   93   33  104   69    0  177  175   31  173   71
  191   20  183   28   89   38   61   17  156   98
  168  188  177  162   58  135   16   82  102   43
  191   64   50  124   26   28  130   64  105  199
  105   87  186  168   29   16   33   50  199   47
  187    5  124   37  190  110  178   50   61  114
   81   88   76   54   53   28   87   25   99  114
  183  152   62  131  156   75   46    8   35  133
   16    2   60  143   44  191   51   69  121  144
   85   86   34   63   67  198   86   86   27  121
   17   93  157  159  199   99  152  193  115   85
    4   87   40  185   56   47  174  131   13  197
  163  117  120   78   28  179  134   93    4  130
   77   42   74   30  123    3   94   92  195   84
  197  147  133  127    1  154   31  133   48   90
   57   68   57   26   46   36    1   80   24  147

  Bi   hi   su   su
           time cost
 PSIZE,CV,TBO,TSCAP,AVGCAP =      1    2    4    1    7
