   10   20
    1
  973
 1.00 0.80  17.  800.
 1.00 1.10  14. 1000.
 1.00 0.80  17.  600.
 1.00 1.00   8. 1200.
 1.00 0.90   5. 1000.
 1.00 0.80   5.  400.
 1.00 0.80  14.  600.
 1.00 1.10  17.  400.
 1.00 1.10   8. 1200.
 1.00 0.90  17.  600.
    0    0    0  119  104   75    0    0  189  148
    0    0    0    0    0    0    0    0   46    0
  159   87    0  185  197   90    0  140    0    2
  173    0   33  194  169    0    0  166    0  150
   69   53    3  137  121   41  137  176   43   37
   29   40  175    7   22   73  197  137  172  119
  164  110  172   23  142  175   95  110  191   26
   18   74   45  115   27  193   18  162  125   71
   50  167   67   11   61   70   30   52   41  177
    4   96   93  188  137   40  112   54   82  160
  166  110   55    7  145  134   46   70  170  108
   14  174   26  154    7  187  166    7   94   56
   30   73  132  176  172   29  180  129   59  184
   78   47   97  111   82   17   86  116   90  120
  189  134   21   17  110   52  187  157   63  197
  118   72  107   49   89   42   88  101  193    0
   56  132   16  107   46   70  168  195   12  106
   75   15  126  157   16   14  139   35   70   65
  163  109   77    1  127   91  145   14   96    0
   79   29  180  128  147   48  188  196  171  168

  Bi   hi   su   su
           time cost
 PSIZE,CV,TBO,TSCAP,AVGCAP =      1    2    4    1    9
