   10   20
    1
 1087
 1.00 1.20  14. 1200.
 1.00 1.20   8.  400.
 1.00 0.90   5.  600.
 1.00 1.10   5.  600.
 1.00 1.00  11.  800.
 1.00 1.10  11.  400.
 1.00 1.20   5. 1200.
 1.00 0.90  17.  400.
 1.00 1.00  11. 1200.
 1.00 1.20  14. 1000.
    0   79  153    0   12   79    0    0    0    0
   85   62   31   25    0    0  130  163    0    0
    0    0   79    0    0    0    0    0    0    0
    0    0  186    0  114   58  185    0  160  123
   79  108  104  156  177  105  145  109   13   59
   37   86  138  110  166  190   98  110   70   57
   16  175   21    8   56   64   82   72   78   90
    7  168   59  194  136   89   67    1    4   12
   31   75  132   58   59   28   41  191   74  176
  112   95  179  173  108  194   58   88  161   28
  159   21   30  187  161  181   82   93  194   70
   29   49   28  127   48  131   86  190  197  161
  107  176  164  181  164  147  174  154  141   17
  147   52    4  154   10  105   84   73  174    7
  135   81   29  167   55  176   72  173  115   29
  115  168  160   15   92  167   25  100  121  116
  128  138  195  135   82   35  191  135    8  131
   52  127   27    6  190  187    4  120   23  131
  115   48   26  122   34  184  106   99   45   31
  174   80   34    3  111  175  131    8  164   30

  Bi   hi   su   su
           time cost
 PSIZE,CV,TBO,TSCAP,AVGCAP =      1    2    4    1    8
