   10   20
    1
 1172
 1.00 1.10  21. 1000.
 1.00 0.90  65.  800.
 1.00 1.00  32. 1200.
 1.00 1.10  54. 1200.
 1.00 1.20  65.  800.
 1.00 1.00  54. 1200.
 1.00 1.00  43.  600.
 1.00 0.80  54.  400.
 1.00 1.00  43. 1200.
 1.00 1.20  65.  600.
    8  120  181   98  176    0   72  103    0    0
    4   90   53   41    0    0  149    0   96  150
    0    0    0    0  160    0  100   43    0    0
    0  124    0    0    0   88  160    0    0   71
    7  109  133  117   42   75   31   24   58  134
   10  156  165   35   70   69  157   39  158  115
   51  137   95   96  111  189  107   70  183  177
  104  142  100  179   35   65   70    3   93   76
  121  196   70   14   53  191  173   17  103    9
  181  114  171   78  150  138  129   76  148   39
   23  185    6   50   47   28  142  123    8  128
   25  192   26   16   58  199  171   52   26   86
   31   44  181  193  107   39   27   11   24   42
   34   23   30  176   95  100  135  189   23   25
  138  128   73   38   76   78  157   76  142    8
   81  175   54   10  169   37   48  158   33  112
  116   95   50  186  168  128  139  107   44   59
  155  120  196  173  180  194  110   53  188  158
   60  169  192   88   40  181   27  108  144   84
   77   91   24   59  138   24    5   11   23   36

  Bi   hi   su   su
           time cost
 PSIZE,CV,TBO,TSCAP,AVGCAP =      1    2    4    2    8
