   10   20
    1
  973
 1.00 0.90   5. 1200.
 1.00 0.90  17.  400.
 1.00 1.20   5. 1000.
 1.00 0.80   5. 1200.
 1.00 1.10  14. 1000.
 1.00 1.10  14. 1200.
 1.00 1.20  11.  600.
 1.00 1.00  11.  400.
 1.00 1.10  14. 1200.
 1.00 1.20  17.  800.
   20  111    0    0    0    0   63  120   89   87
  107  135    0    0   12  108   79    0    0    0
   44    0    0    0   62    0   34    0    1    0
  186    0  198   82   64   64    0   84    0    0
  130  190   67   46  166  101  109  141  152  178
  137  118  124  195   42  183   32  118  154   63
  118   80  154  147  155   47  118   23   53  109
  119   36  123  144  172   63  187   61   60    8
  112  139   23   94  111   99   14   41  116   64
  113   38  182   53  153  165  155  118  184   21
  148   22  120   60  158  124  195  147   43  150
   38    1   67  156   51  137   93  181   98   76
   87  105   20  134  155  149  151  113  187   81
  144   82  171  128   19   52  135   73   89  142
  111  141  144   35   23   26  146  165  111  174
  122  165  193   21   76   25   81   16  185   70
  195  146   41  151   59   19  178    9   18   22
  169  136   74   89  132  158   78   45   85   55
  193  166  165   61   28   21   65    5   41  197
  113  141   24  187   10  152  147  167   12  121

  Bi   hi   su   su
           time cost
 PSIZE,CV,TBO,TSCAP,AVGCAP =      1    2    4    1    9
