   10   20
    1
 1049
 1.00 0.80  32. 1000.
 1.00 0.80  65. 1000.
 1.00 1.00  21.  800.
 1.00 1.20  32.  400.
 1.00 0.90  43.  600.
 1.00 1.00  21.  600.
 1.00 1.20  21. 1000.
 1.00 0.90  21.  400.
 1.00 0.80  43. 1000.
 1.00 0.80  21.  800.
   25    0    0    0  167  175    0    0    0    0
  117  112   39    0  119    0    0    0    0    0
    0    9   66    0    0   91    0    0  161   47
   77    0    6  152    0  170   52    0  129   13
  111   92  170   42  178  197  146  125   93   69
  185  193   76   69  104  157  177  198  157  178
  104   33  116  140  197   31  112  133   89   88
   17   38   72   54   84  178  146   62  181   34
  141   74   44  110    5  105  129   20   52  131
   55   42  156   78  159  187  129    9   85  185
   78   40   47  125   62   34   40  131  163  111
   85  134  104  160    0  199   96  132    8  153
  171   90  109  125  165  174   13   73   85   19
   77   53   37  145   64  199  110   15   63   36
   51  179  124  138  131  181   10    3  126   60
   19  171  165  123   32   71  100  118   99  156
   16  120  114  128  146  147    8   44  193   66
  142  191   80    7  140  105  126  105  133   41
  151   54  196  188  158  160  192   57  197  172
  167   29   20   51  130   49   23   91   92   28

  Bi   hi   su   su
           time cost
 PSIZE,CV,TBO,TSCAP,AVGCAP =      1    2    4    2    9
