   10   20
    1
 1329
 1.00 1.10  32. 1200.
 1.00 1.10  21. 1000.
 1.00 0.90  65. 1200.
 1.00 1.10  54. 1200.
 1.00 0.80  32.  600.
 1.00 1.10  21. 1200.
 1.00 1.20  65. 1000.
 1.00 0.80  32.  400.
 1.00 0.80  54. 1000.
 1.00 1.10  21. 1200.
    0   81    0    0   54    0    0   61  186    0
    0    0   58    9  127   18   50  141  118    0
  122   74  192  101    0    0    0    0    0    0
    0    0   38    0    0   10  145    0    0    0
   89   82  185   97  146  178  179  151  186   87
   83  100  126   40   94  152  132   82   58   31
   65  106  195  176    4    3  185  183  121   91
   89  107   21  127  101    5   71  143   52  139
   98  191  117  106  106   87  182  148  145   87
   91  147   28   66  138  164   61  139   12  125
  179   44   21  127  104   18   24  179  172    2
   16   78   86   81  101   49   33  160  178   77
  188   60  146   60   67   25   47   51   88   20
   57  161  165   99   11  118  148  130    0   27
  160   36  116  108  125   75   75  148   46   64
  172  163    8   23   67  162   84  149  186    5
   36  170    3   43   32    2  120   39  128  153
   80  190   48   59  120  124  186  190   45  147
  196  179  110   61  141   20   66   10   64   96
  148  193   51  157    2  132  109  107   70  176

  Bi   hi   su   su
           time cost
 PSIZE,CV,TBO,TSCAP,AVGCAP =      1    2    4    2    7
