   10   20
    1
 1233
 1.00 1.00  11. 1000.
 1.00 0.90  11.  400.
 1.00 0.80  17. 1200.
 1.00 1.10  11.  600.
 1.00 1.10  14. 1000.
 1.00 0.90   8. 1000.
 1.00 0.80  11.  800.
 1.00 1.10  14. 1200.
 1.00 1.20   5.  600.
 1.00 0.80   5.  800.
   47   28    0  108    0   27   58  104   46    0
   33    0   78  111    0  108    0    1   22    0
   95  170  116  164  130  182  125    0    0    0
  108   76    0    0  100    0    0   12    0    0
   37   14  144   68  191   38   89  149   51   84
    5  198   41   61  196  121   98  127  166   54
  184  118   72  105   41  152   68  130  108   17
   87  125   31  146  122  174   36  114  100   91
   49  109  159  158   71  103   38   49  153  197
  136  171   19  127  127   42  104  187  146  102
  165   40  101  190   89   63  110   38    1   63
  171  172   59   66   62  175    2  100  129   56
   65   85   83   15  165  168  191  183   78   51
  121    3  107  165  101  115   75  149  155   37
   56    3  111  181   58   91  175   75   99  180
  149  166  199  146  109  101   36  159  143  196
  100  180   38  177   30   51   29  118  181  110
  147  182  195  105  113   30   30  108  121   59
  143   50  127   50  145  144   99  164   59   24
   15   70   44   41   43   91  111  127  164   51

  Bi   hi   su   su
           time cost
 PSIZE,CV,TBO,TSCAP,AVGCAP =      1    2    4    1    7
