   10   20
    1
  973
 1.00 0.80   5.  400.
 1.00 1.10  11. 1200.
 1.00 0.90  17. 1000.
 1.00 1.20  14.  600.
 1.00 0.80   5.  800.
 1.00 1.20   8.  400.
 1.00 0.80  14.  600.
 1.00 0.90   8.  800.
 1.00 0.90  11. 1000.
 1.00 0.90   5.  600.
    0    0    0   66   12   73    0    0  119  195
   75  150   60   39    0    0    0   98    0    0
    0    0    0  114   79    0    0   70    0  120
  189    0    0    0    0  148    0   43    0    0
  177  184  187  147  102  159    8   58   71   69
   45  153   32  146  106   88  190  184   85   90
   53   47  199   72    1   64  174  177   63   52
  142  108  127  188  181   85    6  100   92   51
  117  177   98  105   46   84   45  138  155  119
   86  180  144   43   79   42   57  163  184   85
  184  175  183  189   66   75   19  151   54   89
    3  152    7  101   91  144    4   42   15  112
   80  102  159  105   82  167    1   53  101   81
   83  152  112  172    2   23  117   34   25   40
   19  150   48   64  149   41  127  126   37  179
   50  153  192    4  184  174   73   93   67  165
  107   49   90   55  152  141  135   85  158  125
  102   23  172  140   81   91   93  125  191   13
   44  143  189   64   69  199  178  184   71  113
  185   68   84  152  106  137  161  156  147   35

  Bi   hi   su   su
           time cost
 PSIZE,CV,TBO,TSCAP,AVGCAP =      1    2    4    1    9
