   10   20
    1
 1087
 1.00 0.80  14.  400.
 1.00 1.10  11.  600.
 1.00 0.90   8. 1200.
 1.00 0.90  14. 1000.
 1.00 0.80   8.  400.
 1.00 1.00  17.  800.
 1.00 1.10  11.  600.
 1.00 0.80  11.  600.
 1.00 0.80  11. 1000.
 1.00 0.80  14.  600.
    0   13  115  114    0    0    0    0   95  194
    0    0    0  147  125    0    0    0    0   62
    0   41    0    0   29   44    0    0    0    0
    0  129    0   78  111   24   13   55   13  184
   92   20   29  197   21  142  195    6   71  131
  189   54  104   89    7  173   85   70  143  160
    9   52   28   96   80   15   90  160  199   94
   25   43   30  193  187   77  119  181   98  183
  168  147  148  113    6   90   37  147   73    0
   52  111  144  153   63  127  131  163   15   67
   30  175   87   69   21  108    5  117  198   10
  171   49  116  192   82   12  152  126   52  166
   44   20  126  104  131   36  130  191  176  135
   20    3   38    1   62  160  123  176   39   15
  140   28  120    7   40  173  189  140   52   61
   94  167   14   25   27  132   80   52    9  181
  112  158   31  196  197  115  152   72   53  180
  110  152  110   68   46   63  164  134  108  183
   96  155   32   26   70  150  195  147  145   91
  111   28  134   84  155   21  162  104   55   46

  Bi   hi   su   su
           time cost
 PSIZE,CV,TBO,TSCAP,AVGCAP =      1    2    4    1    8
