   10   20
    1
 1233
 1.00 1.00   5.  400.
 1.00 0.80  14. 1200.
 1.00 1.20  14. 1000.
 1.00 0.90  14. 1200.
 1.00 1.10  11. 1200.
 1.00 1.20  17. 1200.
 1.00 1.10  17.  600.
 1.00 0.80  14.  800.
 1.00 1.00  11.  400.
 1.00 1.00   5. 1000.
    0  147   46    0    0   52    0  101   36   58
   18    0   58    0    0   39   57    0    0    0
    0  174  161   81    0    0    0    0    0   16
    0    0    0   59    0  114    0  129   30    0
  187  139  160  130   16  120  116  138  185   81
  153   38  177   28  141  122   14   62   49  132
   83  166  188   90  183  132  151  134    7   34
  143   76  141  109   38   12  125  176  127   80
  187   24  145  178  187   95   18   95  154  134
  183  102  186  152   41  107   17  197  123    2
  186    4  127   61  110   55    5  137  104   46
   94   97  131   90  109   22  113   21  177  185
  187  139   58    7  112  154    8  188  161   75
  106   16  197  141  197  124  198  164  111  179
   52  171   67  183    2  141  150  167  196   22
   65  186   40   41   84   93  179  190   98   15
   52  170   70  106  158  176   78  109  114   12
   13  171   23  156   44  197   78  155  165  143
  146   28   71  135   12  159  163    2  189   16
  179   40   93  151  130  185  140   77   71   16

  Bi   hi   su   su
           time cost
 PSIZE,CV,TBO,TSCAP,AVGCAP =      1    2    4    1    7
