   10   20
    1
 1172
 1.00 0.80  43.  800.
 1.00 1.10  54.  800.
 1.00 1.00  54.  600.
 1.00 1.20  21.  600.
 1.00 1.20  65.  800.
 1.00 1.20  54.  800.
 1.00 0.90  32. 1200.
 1.00 1.20  21.  800.
 1.00 0.80  43. 1000.
 1.00 1.20  54. 1000.
    0    0  198    0  157    0    0  113  139   16
  151    0    0  120    0  110    9    0   94    0
    0    0   47   55    0    0   70   45    0   62
  160    0  173    0  121  183  102    0    0    0
   47   59  132  195   79   72  101  113  163  148
  190  131   96  143  168   46  116   23  164   99
   10  118  155   62   11  103   64  111   28   34
  152  132   82  164  181   67    6  137   93  184
  109  120  143   84   91   70  101  126   33  153
  141  125  130  171   66  112   22   96  121   48
  180  152  186  179  194  120  101   56   81  136
   37  100   18   57  178   65  148   29   64  122
   93   92  110   10  136   57   20    8   66  118
   52   28   99   88  143  123  106   56   40  131
  163   11   40  139    1  159   63   87  109   50
  178  129  172  175   70   68   48   80    4  119
   19   19  140  192  108   53  107  107  186  117
   50   22   80   40   39   69   27   37  182   65
   20  137  171  114  140   14   32   63   84   92
  178  186   87   83  102   38   65   48   98  103

  Bi   hi   su   su
           time cost
 PSIZE,CV,TBO,TSCAP,AVGCAP =      1    2    4    2    8
