   10   20
    1
  973
 1.00 0.90  14. 1200.
 1.00 1.00  17. 1200.
 1.00 1.20   5.  600.
 1.00 1.20   5.  800.
 1.00 1.20  14.  800.
 1.00 1.20  14. 1200.
 1.00 1.20  17.  400.
 1.00 1.20  14.  800.
 1.00 1.10   8.  800.
 1.00 1.10  14.  400.
    0    0    0    0    0    0    0    0    0  101
    0    0  163    0    0  156    0  184   76   35
    0    0    0    0   52   30    0  130  195  199
  126    1    0    0    0   62    0    0    0   28
   94   67   60   59    9  123  194   43   97  146
   78  128  119   97   36  187  106  178   79  104
   74  125   34   68   60   52  167   52  154  182
   42   87   93  158  173  161   90   87    1   51
   94   50   94   67   62   73   38  180   43    8
   63  100  184   60   78   85  182  162  125   67
  135   34   91  192   75   71  128  169  168  156
  100  175    9  144  110  121   38  120  114   24
   93   89   94   46  166  102   10   94   29  166
   49  151  183  177   99  115  185  157   71  114
  190   90   68  100  139  114  179  128   60   99
    9    7  159   10  165   14   48  163   58   25
   24  122   51   88   26  196   41  173  183    5
  161   34   96   18   91  135  157  152   59  111
   76   84   90   61   87  131   67  183  100  175
  114  114  171  182   19   46  103  150  153  113

  Bi   hi   su   su
           time cost
 PSIZE,CV,TBO,TSCAP,AVGCAP =      1    2    4    1    9
