   10   20
    1
 1329
 1.00 1.10  21. 1200.
 1.00 1.00  54.  400.
 1.00 0.90  54.  600.
 1.00 0.80  54.  400.
 1.00 0.80  21. 1200.
 1.00 1.00  65.  800.
 1.00 0.90  32.  400.
 1.00 1.10  65. 1200.
 1.00 0.90  21.  400.
 1.00 1.00  32.  800.
   33  184    0    0   63    0  183   71    0  188
    0    0    0    0    0    0    0    0  120  144
  191   67    0    0   25    0    0   73    0    0
   72   14    0   39   91  145  113   29    0   83
   40  117   82   68  159  163  105   52   24   77
    3  137  123   48   68  140  155  102  193   98
   90   60  184   70  106   55  132   35  114  113
   65  141  190  187   99  142   37  151   98    2
  179  164   55  198  193   73   55  181  100   96
   73  180   45   17   98  181   63   16  131  174
   72  192   10   20   31    1  125   75  172   84
  173  116  143  114  150  174   26   51   73  138
   13   45  146  197   88    4  166   71  141   46
   15   77   84  183  177  101   29   12    9  146
  122  174   35  105   64  194   90   40   65   31
  197    6   57   80  126   92   66   99  152   91
  160  197  185  136  163   72   72  156   18  132
  167   23  185    9  168   39  176   15   68   33
   90  195   97  170    9  176   89  162  127   79
  180  197  134  155  148   53  104   92  126  101

  Bi   hi   su   su
           time cost
 PSIZE,CV,TBO,TSCAP,AVGCAP =      1    2    4    2    7
