   10   20
    1
 1172
 1.00 1.10  54.  800.
 1.00 1.10  21. 1200.
 1.00 0.80  65. 1200.
 1.00 1.00  65.  800.
 1.00 1.00  32.  400.
 1.00 1.20  32.  600.
 1.00 0.80  32. 1200.
 1.00 0.80  54.  400.
 1.00 0.80  54. 1200.
 1.00 1.20  54. 1200.
  125  124    0    0  116   15   16    0  147    0
    0    0    0  192    0    0    0   30    0    0
   85    0   77   43    0    0  139    0    0    0
    0  150    0    0    0    0  161  107   77  120
  179  185  175   71   78  190  161  161   73  197
  131   46  189   25   29  147  148  109   92   86
   82    6  120    4   21   90  103  188   61   55
  182  106  114   28  112  166  170   85   91  166
   25    3  192   32  149  127  183  148   41  135
  170  126  116   89   16  133  179  190  199  169
  138  190    3  195   43   97  139  135  102  148
   44   58  149   91  186  134  141  171  183   25
   76  184  143  107   13  174   40   34   45  160
   70   84  133  106   80   44  163   96  109  172
  132   31  199   11   71   89  157   99  162   48
  172  107   97   31   57   61   48  140  137  101
  126   31  139   85  122   29  159   15  195  131
  162    5   13   29   58   78  110  118   19   31
    8  167   48   32  156  172  173   64  184   32
   14  192  127  157    9   76  136  176   46   59

  Bi   hi   su   su
           time cost
 PSIZE,CV,TBO,TSCAP,AVGCAP =      1    2    4    2    8
