   10   20
    1
  973
 1.00 1.10  11. 1200.
 1.00 0.90   5.  600.
 1.00 1.00  14. 1000.
 1.00 1.20   8. 1200.
 1.00 0.80   8.  800.
 1.00 1.00  17.  600.
 1.00 1.00   8.  600.
 1.00 1.10   8.  800.
 1.00 0.80   8.  800.
 1.00 0.80   8.  400.
  105    0    6  188  175   50    0    0    0    0
   35    0   94  106    0   38    0    6  107    0
    0    0  141   44  101    0  123   70   60   30
   40    0  171    0    0    0   72   52   70  110
  182  175   91  191  163  161  165   97   93   85
  167   79  185  119  169  135   71  179   54  175
   77  109  120   42   50  123   26   33  159  172
   56   42  150   43  128  118  186   34  108   83
  146   82  150   11   36  116  117   69    1  188
   23  126   82  102  141   13  118  132   38  137
    5    3  170  110  130   88    3   58  118  126
  108  150  112  187  188   31   69  103  147  134
   34  196  172  170  146   27   63  134  166    5
   88   36  152  110  163   68   49   81    3  109
  168    9   91   17  117   89   10  195  178  118
  111   24   10   38  139   17   59    1   70  178
   53  181  118  188   49  179  141  132  170   41
   72   26   17   60    9  110  123  151  106   50
    0  149   22   12   71   77  188  155   42   86
   94   68   67  158  161    2    4    3  181  172

  Bi   hi   su   su
           time cost
 PSIZE,CV,TBO,TSCAP,AVGCAP =      1    2    4    1    9
