   10   20
    1
 1329
 1.00 0.80  32. 1200.
 1.00 1.00  43. 1000.
 1.00 0.80  21.  600.
 1.00 0.80  32. 1200.
 1.00 1.20  54.  600.
 1.00 0.80  32.  800.
 1.00 1.00  21.  400.
 1.00 0.90  43.  400.
 1.00 0.80  32.  400.
 1.00 0.80  43. 1000.
  183    0    0  178    0   88   54    0    2    0
    0   14   86  148    0    2   67    0  124    0
  171   90    0    0  123    0    0    0    0    0
   89  132   58    0   21    7    0   53   33    0
  181  165  148  173  140  170  181  124  118  119
  170  141    1   41   40   67    8   45  191   44
   36   16  166  169   83   91  174   74  102    7
  172   86   78   84   79   98  148  176  159  154
   52  156  186   53  123  194   40   86  111  165
   76   82  176  151   11  131   20   34   25   44
   39   32   40  149   56   17    1   49   84   17
  170  184  137   70   56  107   82   48  169   95
   53    7  159   11  173   52  110  137   24  118
   29  191  183   75   38  163  156  132   56   42
  145   18   15  127  163  144  167   41  190   73
   77   73  125  136  109   82   32  175   69   68
   55  123  175   38   19  167  146  147   10  156
  168   49  138  112  177  135   13  168    3   55
  100   51  160   17   97  177  149  187  110   99
  119  114   35  151  110   76  191   76   82  182

  Bi   hi   su   su
           time cost
 PSIZE,CV,TBO,TSCAP,AVGCAP =      1    2    4    2    7
