   10   20
    1
 1354
 1.00 1.00  65.  25.
 1.00 1.10  43.  62.
 1.00 1.10  32.  25.
 1.00 0.80  54.  75.
 1.00 1.20  54.  37.
 1.00 0.80  54.  25.
 1.00 1.20  21.  62.
 1.00 1.20  65.  37.
 1.00 1.20  32.  62.
 1.00 1.10  32.  75.
  121   99    0   82    0  123  105    0    0    0
   85    0    0  107  104   96   95    0    0    0
   81    0    0    0    0  117  111  108    0   99
    0  108   77    0  112   94    0    0  109    0
   80   89  112  105   82   94  114   98   79   79
  106  112   90   89  119   89  105  110  118   99
   81  106   91   89  112  104  106   99  123   83
  110   97  106  100  105  100   86   98  105   89
  105  115  116  100  103  112   92  113  110  105
   99  107   93  109   94  102  105  108  108   82
   93  106  112  121   98  104  113  116   89  123
  110  105  104   78  102   95   80  107   98  115
   95  105  116  100   78   76  102  116  116   98
  112   84   96  109   82   82  103  114  106  123
  103   95   75  101  110  124  105   96  113   75
  110  114   79   82  124   79  108  118   83   79
  121   90  121   91   97  103  112   95  106   94
   96   97  112   89  108   75  102  116  123   81
  103  120   85   94   89   86  119  113  104   93
  108  118  116  101  107  107   84   91   87  103

  Bi   hi   su   su
           time cost
 PSIZE,CV,TBO,TSCAP,AVGCAP =      1    1    1    2    9
