   10   20
    1
 1514
 1.00 1.10  54.  37.
 1.00 1.10  32.  37.
 1.00 1.10  43.  25.
 1.00 1.10  54.  25.
 1.00 1.20  54.  75.
 1.00 1.20  43.  75.
 1.00 1.20  65.  75.
 1.00 1.00  32.  75.
 1.00 0.80  43.  50.
 1.00 1.20  21.  25.
  106  121   95   85    0    0  110   94    0    0
  108    0    0   83    0    0   99   93  119    0
   75   75    0    0  101    0  118  122  108    0
   81    0  103    0    0    0    0    0    0    0
   88  111  103  105  105  113   77  106   75  112
   76   81   96   86  101  123   89  100   82   77
   75  106   92   79  121   95  110  118   98  102
  123   83   89   86  112   84   99  120   90  102
   92  109   87  113   76   93  111  108  114  113
  116  112  123   82  107   80   94   79  106  104
   75  104   85  114   94   86   77   85  113   89
   99   84   93   91   88  107   82  123   78  104
  106  123  105   79  120   88   87   81   99   98
  118   91  123   89  101   91   95   96   83  119
   91   88  108   85   88  112  111   93   82   76
  122  118   85  113   93  107  119   98   99  106
  111   91   95   84  103   97   85   97  101   75
  106   95  122   85   81  119  109  102  120   95
  121  124  123   94  118   96  116  115  111   95
   92  118  103   81   77   77  122  112  123   85

  Bi   hi   su   su
           time cost
 PSIZE,CV,TBO,TSCAP,AVGCAP =      1    1    1    2    8
