   10   20
    1
 1332
 1.00 0.90  11.  25.
 1.00 1.20  17.  50.
 1.00 1.10   8.  25.
 1.00 0.90  14.  50.
 1.00 1.00  17.  50.
 1.00 1.20   8.  25.
 1.00 1.20  14.  62.
 1.00 1.20   5.  75.
 1.00 1.20  17.  62.
 1.00 1.10  14.  50.
    0  117   84    0   93    0    0  119  115    0
  119    0    0  105   78    0  113    0    0    0
    0   98    0   82   79   86    0    0    0   85
    0    0   80    0  115  112    0  112    0   86
   90  119   77  106   77   77  122  112   99   80
  118  119  113  108  114  121   83  100   88  109
   97  115  102  121  123  120   86   99  109   75
  121   78   93   96  106  113   96   81   78   91
   85   94   85  116  108   99  107   97   80  108
  113  110   81   98   96  116  114  108   89  108
   79   97  108   91  120   75   88  104  116  105
   78  117   78  105  108  105  117   79  110   80
  112   84   97  115  101   95   85   89  111   97
  124   78   77  106   77   78   79  117  117  117
  113   97  108  111   75   81  107   99  112   75
   94   77   95  116   75  120  119  101   88  107
   80  115   97   92  100  113   92  107  100   95
   76   99  101  108   86  119  113   79  111   87
   76   76  120  105   80  101  120  106  103  120
  113   95  123   90  105   97   96  124  110  103

  Bi   hi   su   su
           time cost
 PSIZE,CV,TBO,TSCAP,AVGCAP =      1    1    1    1    7
