   10   20
    1
 1332
 1.00 0.90  11.  25.
 1.00 0.80   8.  50.
 1.00 1.00   8.  25.
 1.00 1.20  14.  25.
 1.00 0.80  11.  62.
 1.00 0.80   8.  75.
 1.00 1.00  14.  75.
 1.00 0.80   8.  37.
 1.00 1.20   5.  50.
 1.00 0.80  14.  37.
    0  118    0   79    0    0   77   79   77  101
    0  113   86    0    0   82    0   96  110  111
  108    0    0   88    0    0    0   98   89   89
    0    0   83    0   77    0   96  115   83    0
   84  113  106  107  118   94   82   99   92   83
  119   96   84   93   95   96   89   76  107   89
   92   86  111   77  113  114  104   91   97  120
   83  108   84   82   81   93  123  102   84   76
   97   83  106  115   90  111   90  119  124   92
  124  115  123  115  109   84   76   94  118  123
  111  114   91   77   89   90   90   76   97   80
   91  122   89   82   89   96  108   99  108   79
   95  101  115  121   81  113   77   76  114   75
  109  109   80  123   94  122  109  112   95   82
  111  109  117  103  110   80   97   96   96  109
  104  101   99  106   93   89  122  103  122   77
   80   83   80   79  106  105   79  124  106  102
  119   85   80  116   98   94  108  114   88  108
   92  117   77   93  106  107   98  104   91  123
   94  119  119  115  112   76  104  123   96  107

  Bi   hi   su   su
           time cost
 PSIZE,CV,TBO,TSCAP,AVGCAP =      1    1    1    1    7
