   10   20
    1
 1716
 1.00 0.90  32.  25.
 1.00 1.20  43.  50.
 1.00 1.10  65.  25.
 1.00 0.80  32.  37.
 1.00 1.20  32.  37.
 1.00 0.80  21.  50.
 1.00 0.80  65.  37.
 1.00 1.10  65.  75.
 1.00 1.10  65.  50.
 1.00 1.10  32.  62.
   82  103  112    0    0    0  119  103    0  103
  117    0   84    0    0  122    0   76   94    0
    0   95   82   93    0  110   85  102   77    0
    0   96  124   86    0   84    0    0    0  103
  111  110   98   83  101   95   89   79  123  104
   99  112  123  104  102   80  123   93   83   88
   84  105  112   76  124   86   98   98   82  118
   93  123  105  102   99   98  124   94  110   76
   93  112  117   75   85   84   87  113   76  120
  108   93  106  106   85   77   96  120   88   89
   89   84  103   95  121  103   85   93   85  100
  117  121  111   76   85   76   89   97  118  100
   87  104   78   98  122  110   89   99   75   98
   99  106  115  106   97   86   78   88   75  111
  118   93   97  111   84   82   84  112   94  102
   84  121  100  111   85   90   78   99   84   95
  103   98  117  105   75   77   79   83   82   93
  109  123  105   82   86   81  106   92   79  123
  102   89  101   90   95  101  118  109   91   90
  121   88  110   94  120   75  111  124   97  103

  Bi   hi   su   su
           time cost
 PSIZE,CV,TBO,TSCAP,AVGCAP =      1    1    1    2    7
