   10   20
    1
 1175
 1.00 1.20  14.  50.
 1.00 1.00  11.  25.
 1.00 1.10   5.  50.
 1.00 1.20  11.  37.
 1.00 0.90  11.  50.
 1.00 0.90   8.  25.
 1.00 0.90  17.  25.
 1.00 0.90   5.  25.
 1.00 0.90  14.  25.
 1.00 1.10  17.  37.
   76    0   93  103    0    0    0    0   80   77
    0    0    0    0    0   95  110   86    0    0
   84   92    0    0    0    0  108    0    0   94
  109    0    0    0    0  102    0   75  114   89
  116   76   95  122  109  104  103   89  118   86
   93  120  116  108  100   88  111  103  107  116
   85  106  101   83  103  105   79  100  123  102
   90   85   98  109   88   97   75   87   92  107
  123  102  112   94   78   99   79  122   92   89
  107  120   82  105  121   77  121  105   92  118
  106   92   88   76  109  101  113   83  113  111
  111  101  123   93   85   79  101   81   95  123
  115   84  103  100  124  102  107   99  115  112
  124  117   91  102   79  120   85   99  113  107
  112   87  120  112   91  120   76  114   81   95
   75   78   84  106  108   99  108   77  108   91
   95   87   96   85  122   94  100  114   78  100
   82  101  104  114  117   89   88   79   80  117
  108  119   90  108  120  104  115  103   79   88
  116   86  108  101  123   89   98   75   78   93

  Bi   hi   su   su
           time cost
 PSIZE,CV,TBO,TSCAP,AVGCAP =      1    1    1    1    8
