   10   20
    1
 1332
 1.00 1.10  11.  62.
 1.00 1.20  17.  75.
 1.00 1.20  17.  37.
 1.00 1.10  17.  75.
 1.00 0.80   8.  75.
 1.00 0.80   5.  25.
 1.00 0.90   5.  37.
 1.00 0.80  11.  62.
 1.00 0.90  14.  50.
 1.00 1.00  14.  25.
   81   96    0    0  103    0    0   83   76  110
    0   81    0   93  113  102    0    0  102    0
  105   88   78    0    0    0  124    0  107    0
  105  100   85    0   77    0  113   90   79  114
   97  103  114   80  113   86   77   85  114   98
   85  111   78  121   98  100  115  106   96  107
  114  124  100   92  105  106   75   87   96   81
  102  114  111  105   94  103   86  106   88   98
   79  104   94  110  121  119   93  118   96  118
  105  116  124  116   80   93   81   95   82   89
   98  124   90   77   95  119   89   98   77   89
   88   75  109  110   85  119   77   82   99   89
  101   89   93   92   82   90  100   76   93  112
   87   94  122   88  123  123   76   99   94   75
  103   78   81   85  124  107  103   89   97  121
  111  102   99   81  101  115   97   93  108   75
   98   99   82   87   86   79  100  119   80  101
  120  104  116   84   95  101   91   95   93  122
   95  108   80  103   83   84  102   96  108  124
   97  103  110  108   91  123   91   78  120   92

  Bi   hi   su   su
           time cost
 PSIZE,CV,TBO,TSCAP,AVGCAP =      1    1    1    1    7
