   10   20
    1
  999
 1.00 1.00  14. 250.
 1.00 1.10  14. 250.
 1.00 1.00   8. 150.
 1.00 1.00   8. 100.
 1.00 1.00  11. 200.
 1.00 1.00   8. 250.
 1.00 1.10   5. 250.
 1.00 0.80   8. 250.
 1.00 0.80  17. 300.
 1.00 0.90   8. 100.
  118    0    0   92  110    0   81    0   84  107
    0    0    0  122   79    0    0    0  116    0
    0    0    0   86   87    0  105    0  113  121
  122   85  105    0    0   80    0    0    0    0
   94  100  115   82  117   95  113   87   81  106
   86  106   98   92   91   88  107   79   83   85
  109  120  115  106   95  124  121   81  115   93
  118  101  123  113   78   76  108   89   89   81
   81  106   86   84   79  110   82   78   78  121
   93   79   90  123  105  105   87  101  105   92
   92   92   88   76  111  109  118   80  106  101
   83   99   83   92   91   91   78   99  123  111
  110  122   98  122  112  121   76  110  107   83
  108   85  113   90  104   95  120  118   99   83
   92   91  119  120   91  107  104   93   82   84
  107  123   97   82  102  105  109   87   92  109
   82   84  114  106   80  118  120  121   90   93
   83  113  107  118   94  105   96   89   80  121
   87  120  114  105  117  106  102   91   90  123
   99   95  105  111  124   96  121  119   93  117

  Bi   hi   su   su
           time cost
 PSIZE,CV,TBO,TSCAP,AVGCAP =      1    1    2    1    9
