   10   20
    1
 1266
 1.00 0.80  14. 300.
 1.00 1.00   5. 250.
 1.00 1.20  11. 100.
 1.00 1.10  11. 100.
 1.00 1.00  17. 300.
 1.00 1.20  14. 300.
 1.00 1.00  14. 300.
 1.00 0.90  11. 150.
 1.00 0.80  17. 300.
 1.00 0.90  14. 200.
  116    0    0    0    0    0   81    0   99   88
  101    0    0   98  115    0  117    0  107  113
    0   88  106    0  109    0    0   99    0    0
   86   77    0    0  107  103    0    0    0   88
  114   76  110  109   94   98   84  103  101  103
   83   89   84   99  122   76   79   90   78  104
  106   78  109   78  116  120  113   92  107  124
  100   97   80  115  102   96   83  116   77   77
  121  107  104  116  107  115   76  108   94   79
  105  102   99   76  100   97  109   96  108   76
  104   76  114   80  107  104   95   92  119  115
   84   80  119   75  117  102  108  122  115  112
   81   81  103  120   88  114  121   86  118  111
  102  122  110  107   93   79  113   96   76   97
   86   77   89   88  122  115  119  111   95   85
   83   83  101   91   99  113   76  119  106  116
   90   87  104   75   86   86   91  122   90  111
   88  109   95  100  114  124   76   93  109   99
   76   99  101  110   95  123   86  106   97  109
  119   89  102   90   89  124  115  124   96   93

  Bi   hi   su   su
           time cost
 PSIZE,CV,TBO,TSCAP,AVGCAP =      1    1    2    1    7
