   10   20
    1
 1286
 1.00 1.20  43. 100.
 1.00 1.00  32. 300.
 1.00 0.80  32. 250.
 1.00 0.80  65. 200.
 1.00 0.90  21. 200.
 1.00 1.10  43. 100.
 1.00 1.00  32. 150.
 1.00 1.10  43. 250.
 1.00 0.90  54. 150.
 1.00 0.90  21. 200.
    0  115  101    0   86    0  121    0    0   96
    0  120   89   98    0    0    0    0   87    0
   76  124   82  120    0    0    0    0   75    0
    0    0  123    0  112  101   91  119  123    0
  113  113   94   94   87   76  120  115  108   78
   94   97   80  112   82   87   84  117  124  103
   90  102   83   94  110   95   99   78  113  106
   82   86  124   97  103   86   77   87   77   80
   86   94   76   87   88   93  111   82   75  107
  100  119  103   99  121  120   75  110  115   87
  116   93   88   91  104   94   81  119  109  107
  123   92  108   82  117   89  115  117   78  102
   92   90   87  107   92   79   93   83  117   79
  105  106  117  102   79   97  108  112   83   92
   96   86  110  118  120   75   82  115   83  117
   85   94   90  118   75  103   77  100   93  109
  102   87  122  121  124   97   99   89   81   83
  117   85  117  112   86  114   85  117  116  110
   83  114  112   88   98   82   91  104   90   99
  119  110  106  110  107  111  109  113   80  115

  Bi   hi   su   su
           time cost
 PSIZE,CV,TBO,TSCAP,AVGCAP =      1    1    2    2    8
