   10   20
    1
  999
 1.00 1.00  11. 100.
 1.00 1.20   8. 100.
 1.00 1.00  17. 100.
 1.00 1.10  14. 150.
 1.00 0.80   5. 150.
 1.00 1.10   8. 100.
 1.00 1.10  11. 250.
 1.00 0.80  11. 150.
 1.00 0.90  14. 150.
 1.00 1.20  11. 300.
  116   94    0  119    0  121    0    0    0   98
   95  111    0  111    0    0   76   76    0   96
    0    0    0  102  112    0   77    0    0   86
    0   84    0    0  107    0    0    0    0    0
   82  113  122  120   97   82   75  105   90  118
  119   97  111  106  102  112   80  122   90  110
   80   89  110   94   89  113  110  102   88   94
  113  116   91   77   88   85  115  102  123  107
  115  105   90  112   93  120  107   91   78   96
  115   82   92  101  114  122  114  109   94   98
  104   89  116  123   75   93  117   98   86  114
   92   98   98  105  113  107   90   94   99   82
  115   79  123  101   79  105   98   79   97  111
  108   84  106  116  116  116   87   89  104  101
  100  116  112   97   92   96   92  106  118  102
   77  110   94  121  105   95   81   87   93  113
   98  113   87  111  108  113  106   87  112  124
   87   79   89   76  100  101  107  104   93   79
   90   80  117  108   88  101  100   93  113  121
  113  115   81   85   76   89  102   92   92  112

  Bi   hi   su   su
           time cost
 PSIZE,CV,TBO,TSCAP,AVGCAP =      1    1    2    1    9
