   10   20
    1
 1458
 1.00 0.80  43. 250.
 1.00 0.80  21. 200.
 1.00 0.80  43. 300.
 1.00 1.00  32. 100.
 1.00 1.00  54. 300.
 1.00 0.90  43. 300.
 1.00 1.10  54. 250.
 1.00 1.00  65. 150.
 1.00 1.00  43. 200.
 1.00 1.20  65. 250.
    0    0    0  111    0   99  112    0    0   93
   78    0   82    0    0    0  103    0    0    0
    0    0    0    0   92  117   99   90  111   81
    0    0   88    0  103   76   99    0   98    0
  104  101   75   77   84  111   95   84   81   75
  117  103   90  104   98   81   88   96  122   98
  118  117   79   84   92   87  115   85   89  116
  120  112  118  102   79  119   77  107   79  102
   91   83  122  112   75  120  123  100  100   76
  113   75   86   91  120   76   93  115   79   75
   85   85   91   76   89   97  113   95   75   76
  122   77  106   76  102  108   82  114   76  110
  108  120  118  102   95  109  108   78  119   87
  115   83   99   85   78   94  107  104  116  110
   82   77  123  120   85  122   88  124   75  106
   99   96   85   76   86   79  101   79  102   86
   82  116   91   83   82   89   98  119  120  120
   81  120  117  120  105   79   98  115   96  109
  106  113  124  112  110   85  100  118  101  115
   99  106   91  101  123  111   93   98   90   93

  Bi   hi   su   su
           time cost
 PSIZE,CV,TBO,TSCAP,AVGCAP =      1    1    2    2    7
