   10   20
    1
 1286
 1.00 1.10  54. 300.
 1.00 1.00  43. 250.
 1.00 1.10  43. 300.
 1.00 0.90  65. 300.
 1.00 1.20  65. 200.
 1.00 0.80  54. 150.
 1.00 0.90  54. 150.
 1.00 1.10  43. 300.
 1.00 1.00  21. 200.
 1.00 1.10  21. 300.
   75  105   90   88  112    0   90    0    0    0
  123   98    0    0    0  121    0   77    0  114
    0    0   99  110   85    0  108    0   82    0
  124  121  110   95    0   96   89    0   75   76
   80   98  100  113   96   80   75   76   78   85
  105   98  103  102  115  116  122   78   89   78
  116  121   98   79   97  112   85   80  111   80
  108  109   88   76  111  107   82  102  109  104
  103  113   98  112  108  103   79   90   75   85
   83   78  119   86   91  108   85   87   99   98
   99  105   87  119  107  119   99   99  102   91
   88   82   95  121  100   90  102   85  106  105
   75   77   87  122   78   87  114   84  108  124
  116  111   85  115  105   86  115   94  103   84
  117  119   79   93   84  120   90   99  116  100
   98   91  120   78   76  105   76  107   88   92
   93   75   84   84   93   90   75   91  121   82
   96   76  117   99   91   85   93   82  106   80
   96   93  118  101  119   91   86  114   90  122
  101  114  115   98   79  101   76   87   84  122

  Bi   hi   su   su
           time cost
 PSIZE,CV,TBO,TSCAP,AVGCAP =      1    1    2    2    8
