   10   20
    1
 1117
 1.00 0.90   8. 150.
 1.00 1.00  14. 300.
 1.00 1.00  14. 200.
 1.00 1.00   8. 100.
 1.00 1.10  11. 300.
 1.00 1.10   8. 200.
 1.00 1.20   5. 100.
 1.00 1.10  14. 100.
 1.00 1.10   5. 100.
 1.00 1.00  14. 100.
   89    0  107    0  103  122   95   81    0  122
  101    0  121  119  101    0    0    0   93   90
    0  115    0    0  120   97  106    0    0   85
    0  103    0    0   78  106  116  114    0    0
   76   79   84   95  100   89  121   97  100   97
   81  122   75   94   79  103   95   98  101  119
   98  118   86  120  117   94  111  106  121  122
  108   81  110  110  107   87  104   76   90  100
   77   95  117   76  118   98   82   91   99  109
   80  123   96  105   78   97  112  116   95  122
  108  107  101  100   90   97  111   81  111  121
  104  116  104  105   91  122   88   76  106   88
   90  101   78   97  112   89   76  106   84  119
   87  114   77  119   93  117  119   79  118  121
   79  102   86   84   77  107   83  101   98   78
  121   97  122   92  116  123   79  114  104  112
  111  120  101   81   86   86   89  105  115  118
   81  113   84  114  106   78   84   96  108  124
   75   76   81  100  108  119   93  115   83   97
  117  120  105   98   97   78   97  121  106   79

  Bi   hi   su   su
           time cost
 PSIZE,CV,TBO,TSCAP,AVGCAP =      1    1    2    1    8
