   10   20
    1
  973
 1.00 1.10   5. 1200.
 1.00 0.80  11.  800.
 1.00 0.80  11. 1200.
 1.00 1.10  17.  400.
 1.00 0.80  17.  400.
 1.00 1.10   5.  400.
 1.00 0.90   8.  800.
 1.00 0.90  14.  400.
 1.00 0.90  11. 1000.
 1.00 0.90   8. 1000.
    0    0    0   99  100    0  111    0  104   96
  123   82    0    0  124  101    0    0  103   80
    0  120   80  118    0  107   80  119  115   92
    0   89    0    0  105    0  121   87  107    0
   80   96   91   85   93   75  116   99   99   79
  114  107  102  110  111   87  102  110   92   76
   78   81   84  122  103  121   93   76   96   78
  110   93   82  108   91  117  112   90  109   77
  108   84   82   81  101  111  122  114   84   87
  114   77   91  106   98  119   88   77  113  117
  120   80   93   77   99   86   87   94  121   85
  113   89  102   90   92   79  117  122  114   86
  123   92   78   93   94  116  109   76  124   87
  124   89  112  101   86   75  120  118  124  123
   97   81   96   82  110   98  117  105   99  107
   93  109  124   90   92   82  118   92   96  115
  110   89   96  112  119  116   92   82  114   76
  115   83   96  115  110  117   90  105   97  123
   97  108   89  110   83   90   86  105   88   79
   78  103   97   85  121   83   75  103   76   96

  Bi   hi   su   su
           time cost
 PSIZE,CV,TBO,TSCAP,AVGCAP =      1    1    4    1    9
