   10   20
    1
 1049
 1.00 1.10  21.  400.
 1.00 0.80  65.  600.
 1.00 1.10  54. 1200.
 1.00 0.90  54. 1000.
 1.00 1.20  32.  600.
 1.00 0.80  43.  600.
 1.00 0.80  54.  600.
 1.00 0.80  32.  400.
 1.00 1.00  43. 1200.
 1.00 1.00  43.  400.
    0    0    0    0    0    0    0   89  106    0
    0    0  105    0    0   85  114   96    0   75
    0    0   85   87  104    0  110    0    0  112
   94    0   90  112   91    0    0  100  100    0
  100   83  113  106   85   78  100   87   81  101
  107  108   88  110   93   86   83  120  100   79
  105  108   75  103   76   75  112  123   86   81
  110  112   89  108   77  114  119   76   75  111
  120  105  124  122   88  122  114   84  107  121
   87   76  119  111   86   75  124   87  105   80
  101  122   85  106  106   84  123  103  119  107
  122  116   97  118  115  124   91   98  105  114
   88  108   86  113   85  122   93  123   76  120
  110   82  102  107   97  110  100   96   75  117
  105   97   94   87  100  102  111   90  118   78
   94   93   86   77   83  105  121   98   78  121
  103   79   89  124  115   76  124   87   79   88
  108   94   77   94  110   94  117   90   96  109
   97   91  108  110   95  116  102   88   78  121
  101   98  106   98  121  102  101   88  110   97

  Bi   hi   su   su
           time cost
 PSIZE,CV,TBO,TSCAP,AVGCAP =      1    1    4    2    9
