   10   20
    1
 1087
 1.00 0.80  14. 1200.
 1.00 0.80  14. 1000.
 1.00 1.00   8.  600.
 1.00 1.20  14.  600.
 1.00 1.00  17. 1000.
 1.00 0.80  11. 1200.
 1.00 1.20  11. 1200.
 1.00 0.80  11. 1000.
 1.00 1.10  11.  800.
 1.00 1.10  17. 1200.
    0  102  101    0  119    0   96    0    0    0
   97   87    0    0   99  117   76    0   83    0
    0    0    0   83    0    0    0    0    0    0
  124    0    0   84   92   87    0   89    0   85
  124  101   75   77   87   75  117  109   89  108
   75   77   87   77   80   80  111   77   91  102
   76  103  122  122  103  100   77  124   79   81
  117  105  122   84  124  109  118  102  124  119
  123   79   86  106   95   75   97   95  120  123
  124   86  119  116   91  108  106  124   87  124
   87  124   89  113  105  105  115   92  120  116
  110  111   82  122  117   80  114   90   77   94
  113  114   80   87   99   96   82  107   91  120
   75  108  106  123   81  104  124  101   97   77
  121  108   83  122  109   86  111  121  108  108
  109  111   89   90   85   98  106  123   79   87
  114   75  108  106   94  122   90   90   76   94
  118  116   75   92  111   98  100   90   77  105
  116   75  115   92  117  102   78  115  115  119
  116  120  117  115  108  105   89  107  119  102

  Bi   hi   su   su
           time cost
 PSIZE,CV,TBO,TSCAP,AVGCAP =      1    1    4    1    8
