   10   20
    1
 1172
 1.00 0.80  43. 1000.
 1.00 1.00  54. 1200.
 1.00 0.90  54.  400.
 1.00 1.20  21.  600.
 1.00 1.00  21.  800.
 1.00 0.80  32.  800.
 1.00 0.80  21. 1000.
 1.00 1.20  65.  400.
 1.00 0.90  21.  800.
 1.00 0.90  54. 1200.
  121  116  109    0    0  105    0    0    0  109
    0   87    0   89    0   89    0  122    0    0
    0   86  118    0    0    0    0  115  112   98
    0    0  106  117    0  122    0    0    0    0
   98   79  123  101   83  121  108  111   95  117
   80   89  108   79   76   92  108   98   81  112
  119  115   90   89  123  113   96  100   78   86
  106   96   84  118   79   76   93  112  115   92
  113  107   91   80  110  120   85  116  112   94
   97   78  106  112   96  111  111   77   93  101
  106   96   83   91   93  122  101  112   80  104
   83   78  120   96  103  119   83  112  106   92
  111  114  120  103  116   92  106   97  107   88
  111  104   85  116  107   94   90   96  101   83
   80   78   97  117  115   79  119   80   78   92
   93   91   84   87  110  108   96  114  107   77
  124  124  122   91  115  102  120  120  112  110
  117  111   87  122  123  112  114  112  109   84
   97  115   79   96  106   84   97  109   94   79
  100   77  102   99  106   89   98  123   90  108

  Bi   hi   su   su
           time cost
 PSIZE,CV,TBO,TSCAP,AVGCAP =      1    1    4    2    8
