   10   20
    1
  973
 1.00 0.90   8.  400.
 1.00 0.80   5.  400.
 1.00 0.90  11. 1000.
 1.00 0.80   5.  600.
 1.00 1.10  11.  800.
 1.00 1.20  11.  400.
 1.00 0.90  11. 1200.
 1.00 1.00  17.  800.
 1.00 1.10  14. 1000.
 1.00 0.80   5.  600.
   83    0  101   92  118    0   82    0    0  121
   87    0  120    0  101    0  120  120    0    0
   82    0    0    0    0    0   93    0    0    0
   95   85    0    0  124    0    0   88  119   93
   96  104   98  108   85   86   93   76  119  107
   91   99   85   78   97  116   84   95  107  123
  122  123   81   77   79   79  111   83  103  105
  105  114  116   83  110   95  124  116  108   76
   80   93   82   76  120  110   80  112   81  112
  121  120  104  119   97   89  112  107   93   82
  106   84   95  101   89  112  104  102  107   94
   87  108   94   81  115   88  100   92   77   85
  117  115   77  107   83  107   78   78  118   80
   77   97  123   94  121   82   98   85  106  110
   81   95   82  111  110  121   89   87  115   85
  111   81   84   78  108   75  103   81   96   86
   82  112  113  104  123   97   81   94   75   81
  106   94  118   97   94  114   95   96   87  110
  108  123  112  118  108  106  121  116  105   83
   99   77  111  100   89   98   75  124   94   82

  Bi   hi   su   su
           time cost
 PSIZE,CV,TBO,TSCAP,AVGCAP =      1    1    4    1    9
