   10   20
    1
 1329
 1.00 1.10  32.  400.
 1.00 0.80  54.  800.
 1.00 0.80  54. 1000.
 1.00 0.80  43.  600.
 1.00 0.90  21. 1000.
 1.00 0.80  54.  800.
 1.00 1.00  65. 1200.
 1.00 1.20  21.  400.
 1.00 1.20  21. 1200.
 1.00 1.20  43. 1200.
    0   85    0   80   95   88    0    0    0   98
    0   77    0    0    0   77  122    0    0   99
    0    0  101   91   99  112    0   81    0    0
    0   87  115    0   95    0    0   75    0    0
  110  104   95  114  114   92  100   84   93   87
  113   75   90  110   80   90  123  101   81  111
  118  116   97  117  111  108   85   91   75   81
  106   92  105   89  106  120   83  112  104   82
   94  116   81   77   81   91  117  109   96   84
   92   88  100   91   78  118   85   86   98   99
   80  123   91  106   94  121   87   99  100  106
  103   98   89   83   97  119  104   78  123  112
   93   97  108  115   99   79  116  112   95  102
  124  113  116   86   86   87   96   76  122  123
  110   77  123  120  111  113   83   93   95  100
  111  108   83   76  107   92  102   92   90  107
  117   85   98  103   84  116  119  106   88  118
   95   86  112   76   78   84  101   89   84  104
  102   80   76   81  106   86   81  111  117   88
   85  119  124   85   94   86   75  123   86  108

  Bi   hi   su   su
           time cost
 PSIZE,CV,TBO,TSCAP,AVGCAP =      1    1    4    2    7
