   10   20
    1
 1175
 1.00 0.90  14.  62.
 1.00 0.80   8.  50.
 1.00 1.20   8.  62.
 1.00 0.90   8.  75.
 1.00 1.00   5.  50.
 1.00 0.80   5.  25.
 1.00 0.90  14.  37.
 1.00 1.20  11.  37.
 1.00 0.80  11.  25.
 1.00 1.20  14.  75.
    0    0    0    0   46    6   18    0  159  192
   62    0  155   83  188  112    5   84   18  173
  188   37  110    0  154    0   29    0  194    0
    0    0   66   81   46    0  166    0    0   76
   68    3  103  140  198   36   28   40  189   77
  105  196  189  166   95   80  120  161   86   63
  133  163  193  141   24   86   59  102   33  131
   21  141  183   52   37  153  102   15   22  194
   69  126  173    5   30  135   67   53   16   16
  153   93  163  102  134  175  155  136   86  147
  163  192   37   77   90   20   40   63   11   98
   40  100  189  192   33   61   67   16  189   99
  125  139   25  110  176  144  167  139  105   38
   36   73   74   61   10  110  114   99  190  100
   27  107  149  114    7  185  157   69  104  154
   62   17  144   35  127  180   38  179   38   86
  125   42   15  111   72   65   46   89   72   25
   14   55  199    4   25  115    2   54  100   60
  113   76  169   56   71   78  199  105  186   30
  190  167   93  162  189  120  146  199   98  145

  Bi   hi   su   su
           time cost
 PSIZE,CV,TBO,TSCAP,AVGCAP =      1    2    1    1    8
