   10   20
    1
 1354
 1.00 0.90  21.  25.
 1.00 1.20  43.  75.
 1.00 1.20  65.  50.
 1.00 1.00  21.  37.
 1.00 0.90  65.  50.
 1.00 0.80  65.  37.
 1.00 1.00  54.  37.
 1.00 0.80  32.  50.
 1.00 1.10  21.  62.
 1.00 1.10  43.  25.
    0  151    0    0    0  143   76  141  109    0
    0  125  176    0    0    0   24    0  178    0
   95   18   95  154  134    0  102    0  152    0
  107   17    0  123    0    0    0  127   61    0
   55    5  137  104   46   94   97  131   90  109
   22  113   21  177  185  187  139   58    7  112
  154    8  188  161   75  106   16  197  141  197
  124  198  164  111  179   52  171   67  183    2
  141  150  167  196   22   65  186   40   41   84
   93  179  190   98   15   52  170   70  106  158
  176   78  109  114   12   13  171   23  156   44
  197   78  155  165  143  146   28   71  135   12
  159  163    2  189   16  179   40   93  151  130
  185  140   77   71   16  162  141   60   98    3
   77  196    0   25  154   15  133  199  192   61
   30   25   76  195    0   38   22  190   46  155
   31   23   60  147   73   94  170   26   81    5
  124   31  154  167  168   66  134  142   77   58
  165  185   76   32   21   33    7  146  133  137
   54   93   24  147  190   41  124  111   78  191

  Bi   hi   su   su
           time cost
 PSIZE,CV,TBO,TSCAP,AVGCAP =      1    2    1    2    9
