   10   20
    1
 1051
 1.00 0.80  14.  25.
 1.00 1.10  11.  62.
 1.00 1.00   5.  25.
 1.00 0.90  14.  62.
 1.00 1.10  11.  62.
 1.00 1.00  11.  62.
 1.00 1.20  17.  50.
 1.00 0.80  14.  50.
 1.00 1.10   5.  75.
 1.00 0.90  11.  37.
    0  137    0   29   41  187    0  126    0    0
    0  185   88    0    0    0    0  185    0    0
    0    0   44  172  152    0    0  146  162  199
   77    0   28    0  156    0    0    0    0    0
   89  169   61  194  117   89  111   42   21  143
  196  108  119   49  196   37   47  149  199   74
   10  110  108   68  164  192  123   37  194  134
  177   69   52   93   39   33   50    2  154   28
  116  179  116   93   43  161   91  194   80   87
   71  141   37   70   43  135  154   32  136   58
  131  194   86   11   24   42   34   23   35    1
   84   52  180  121   18   93  152   37  178   43
  123   85   41  111   36   82  128   84  105   45
  178  172  111   18  173  189   43  141  184   55
  147  115  126   32  142   90   34  125  178   38
  197  138   78  190  159  152  142  136  181   75
  159    6  145  138  170   99   69  139  144   50
  115  181   33   40  142   25  183  175  189   26
   36  178   51  167   60    3   79    4   34  163
  186    0    6   31  132   48  199   55  140   68

  Bi   hi   su   su
           time cost
 PSIZE,CV,TBO,TSCAP,AVGCAP =      1    2    1    1    9
