   10   20
    1
 1716
 1.00 1.20  32.  62.
 1.00 0.90  21.  25.
 1.00 1.00  54.  50.
 1.00 1.20  54.  62.
 1.00 1.20  54.  50.
 1.00 0.80  43.  25.
 1.00 0.90  43.  50.
 1.00 0.90  43.  50.
 1.00 1.00  54.  25.
 1.00 0.80  54.  50.
    0    0  142    0    0  130    0   98  157    0
   38   51  160    0    0    0    0  172    0  120
    0   80  116    0    0    0    0  146    0  101
    0    0    0    0    0   38    0  112    0   27
  134   98   28  135   88  170  169  154   80   85
   62  132  172  152   43  120   71  189  106   68
   75   99   83    9  130   34   25   47   48   67
  133  129   10  194  177   17  170  180  113   71
  141  142   23   74    0  140  167  168  173  189
  140  154  194  114  172   85   78  189  155   31
  123  194   38  176   20  100  164   52  178  113
   81    1   95  112  103  126  116  193  193   14
  133    1  109  190   27  130   74   31  126   14
   39  101    6   77  167  134   88   75   54  155
  169   63  112   46   34  185  113  133  180   95
   67  157  158   89    6  164   47   57  110   94
   91  195   87  111   59  121  129  100   81  196
  168   50   38  178   35  175   47  169  103  195
    3   55   95   30  162   19   98  169  191   82
   20    2   30  158  194   80  181   96   68   54

  Bi   hi   su   su
           time cost
 PSIZE,CV,TBO,TSCAP,AVGCAP =      1    2    1    2    7
