   10   20
    1
 1354
 1.00 1.10  54.  75.
 1.00 1.20  21.  25.
 1.00 1.20  43.  25.
 1.00 1.00  65.  62.
 1.00 1.20  54.  50.
 1.00 0.80  54.  37.
 1.00 1.00  54.  62.
 1.00 0.90  65.  25.
 1.00 1.00  32.  62.
 1.00 1.20  32.  37.
    0    0    0    0   90   93    0   38    0    0
    0  125   27    0    0   32  180  105    0    0
  154    1   47    0  154   32   41  151    0  126
    0    3   60    0  196    0    2    3    0    0
  126  128  154  187   72   97  190   17   74   50
   49   39  191   94   83   51  186  160   79  136
   51  185  155  164   40  108   30  165   35   74
   85   11   29   75  150  159   47  187    0   98
  138  124   46   46   61  145   48  102  126  125
  145   56  147  101  152  173   13   76  101  185
   54   39  146   48   94   80  136  149   95    6
  117  191   69   51   84    2  181  175    7  126
   28  124   27   31  142   98  174   17  199  134
  145   93   24   40   24  186    4   22   96  131
  195  194    1   48   77  192  176  125   62   39
   68   23  127   90   40  168  158  112  128  159
   14   91  174  177  165  180   54  170   52  136
   75   90   32   13  185  103  177   97    7   10
  199  199  100   56  187  119   54  127   11   16
  194  120  104  172   67  177   67   38  124  142

  Bi   hi   su   su
           time cost
 PSIZE,CV,TBO,TSCAP,AVGCAP =      1    2    1    2    9
