   10   20
    1
 1514
 1.00 0.80  54.  25.
 1.00 1.20  65.  50.
 1.00 0.80  32.  37.
 1.00 1.20  65.  25.
 1.00 1.00  43.  50.
 1.00 1.20  21.  37.
 1.00 0.90  43.  37.
 1.00 1.20  43.  37.
 1.00 1.10  43.  50.
 1.00 0.90  32.  50.
    0    0  107    0  129    0    0    0   73   59
    2   82    0    0   54  146    0   26    0  157
    0  157  121    0    0  175    0    0    0    0
  194    0  114    0   54    0  110   83    0  197
   95   45  159   68   75    4  161   46  169  112
   48   44   31  183  126  122  120   47   80   13
   81  122   65   72    9  119  169   32   23   53
  106  103   71   17  167  165  157   25  168   98
   79   98   43  122   83  143  160    9   51   25
   88   62    5   73  156  110  131  198  103   81
  170  128   26   91   66   16   97  190   17  172
  192  166  170  192  177   30  156  184  137   72
  168   82  191  137  118  117  156   81   73   98
   88  148  151   16  163  151    7  108  124  172
   12  186  109  105  156  170   64    7   59   90
  164   21  197   91   27  176  123   53  195  195
  111  143   56   60   58    4   98   97   98  112
   82  108  174  147    2  110  187    3   13   50
  186  165   14   45  141  169   72  129  168   55
  174   54  124  192   20  178    3  177  148   82

  Bi   hi   su   su
           time cost
 PSIZE,CV,TBO,TSCAP,AVGCAP =      1    2    1    2    8
