   10   20
    1
  999
 1.00 0.80  14. 250.
 1.00 0.80  14. 150.
 1.00 0.90   5. 250.
 1.00 1.20   5. 250.
 1.00 1.20  17. 200.
 1.00 0.90   5. 150.
 1.00 1.20   5. 150.
 1.00 1.10   5. 250.
 1.00 1.10  11. 250.
 1.00 1.00  17. 250.
    0    0  166  162   44   48   94    0   44    0
   64    0    0    0   58   50    0    0    1   50
    0    0    0    0    0   24   84   48  157    0
  174  129    0    0    0   35    0   91    0    9
  182  114   61  116   84  188  103  154   74   54
  163    9  135   56  122  162  175   44   52  116
  169   56  169   26  181  164   41  115   67  101
   52  150  160   51    5  174  109  194  144  138
  178   43   25  162   64   64   11   87  174    6
  127   48   29  147  142  176    1   84   50  171
   91  115  150  159  146    9  158  188   47  168
   97  172   21  132  134   51  196   18  136  183
   84   90  162  116  119  183  114  154   94  161
   79   21  138  163  162   65   71    7  107  121
   59   46  146  183   12   95   13  160  166  109
   55   12  169   24   73  180   46   23  120   55
   28   69  121   51   94   59  147   72   97  191
   17  171  181   14   28   36  163  173   31  183
  130  141  196   21   50  112  164  159  142  187
   60  158  124  197   52   31  115  151   66  128

  Bi   hi   su   su
           time cost
 PSIZE,CV,TBO,TSCAP,AVGCAP =      1    2    2    1    9
