   10   20
    1
 1286
 1.00 1.10  43. 200.
 1.00 1.00  65. 200.
 1.00 1.10  65. 200.
 1.00 0.80  65. 300.
 1.00 0.80  54. 100.
 1.00 1.00  43. 300.
 1.00 1.10  65. 200.
 1.00 1.20  32. 300.
 1.00 0.80  32. 250.
 1.00 1.10  32. 100.
   18    0   21   49   96   91    0  181    0    0
  158    0  167    0  106   59    0  120    0    0
   36  127    0   21    0    0  134    0    0    6
    0    0  125  136    6   17   42    0    0  198
   90  107  115  128   41   87  103   14   14  151
  102   30   15   16  157  121  182  192  194   23
   85   55  189  144   73  119    6  143  131   46
  192   41    5   60  112   77   80  164    0  168
  123   19  188   62   56  177   68   50  186  171
  143  104  102  178   11   26   60  118  109  113
  102   14   21  194   78  168   38  169  185   47
  196   53   46  198   74  121   15   77   88  102
  101   92  148  120   49  193   20  170  147  138
   51  172   80  152  133  190   42   30  199   21
   32  198  199    5  136  103   46  106  168  125
   26  116    4  149  185   94  130    6   61  112
   64  144   15    9  116  156   90   23   60  156
  113  154  198  131   30  100   74   57   80  127
    0  145  192   70  145   71   97  101  127   37
   72   58  108   71   81  111   96   97   12  145

  Bi   hi   su   su
           time cost
 PSIZE,CV,TBO,TSCAP,AVGCAP =      1    2    2    2    8
