   10   20
    1
  999
 1.00 1.00   8. 250.
 1.00 1.20  14. 250.
 1.00 1.10   5. 250.
 1.00 1.20   8. 150.
 1.00 1.20  14. 100.
 1.00 0.90   5. 150.
 1.00 1.10   8. 200.
 1.00 1.00  14. 100.
 1.00 1.20  11. 200.
 1.00 1.00  11. 300.
    0    0   40    0  182    0    0    0    0    0
  141    0    0   93  183    0  111  108    0    0
   78   66   75   15   24    0    0  160  100   43
   12   79  123   83    0   16    0   59  178    0
  152  198  149   34  186  112  121  123   73   73
   56  185  109  114  104  118   66    7   47   14
   61   36   68   43   50  110  154  124  121  135
  136   31  166   32  145  110   17   77   66  183
  107  114  126  135   96  112   96   87   53   66
  113   30  128   30   20   50  119    0    3   16
   68   30  171   71  102  129  140  103   19   35
   38  114   86  113  177   24  118   33  112  112
  176   26   36  178   53  184  134  149   19  193
   85   23  195   64   22  153   40   93  143  193
   85  118   13   89  168  158  106  193  170   82
  178   59   21  194   71   34  176   58  125  161
  147   97  129   80  169   31   12  196  167   41
  197  111  128   71  128   69  121   47  175  136
   30   59   86  140   25   94   92  199    3   29
  142  118  179  100    7  190  182  174  192  150

  Bi   hi   su   su
           time cost
 PSIZE,CV,TBO,TSCAP,AVGCAP =      1    2    2    1    9
