   10   20
    1
 1266
 1.00 1.10   5. 100.
 1.00 0.80  11. 150.
 1.00 0.80  11. 200.
 1.00 0.80   8. 250.
 1.00 1.00   8. 250.
 1.00 1.00   5. 250.
 1.00 1.10   8. 100.
 1.00 0.90   5. 200.
 1.00 0.80  14. 150.
 1.00 0.90   5. 300.
  190  149  190   31   57    0   43  119   71    0
   30   33    0  181    0    0    0    0    0   47
    0   13    0  113   77    0    0    0    0  174
   55    0   37    0    0   73    0  174   36    0
  123    8  123    0  178  179  149   76  100  174
  109  191  134  105  168   35   47  166   91   52
   31  113  137    8  119  178  189    1  187   18
  103    1  131  111  129   74  134   84  152  108
  148    8   36  138   34  168   16   37   76   84
   89  155  189  170   17   28   13   25   32  169
   34  137   45  139  160   36  116  106   15  192
  117  100   72  144   53  138   77  187  146   98
  146  161  193  151   83   19   90  124  109  166
  195  126   34   57   29   63  115   63   17  131
  165   24    6   16   45  121   64  170  159  100
   54   72  111   70   47  157   39   56  186  112
  123   37   94  184  103  191  172  115  140  106
  131  129   24  173  132  126    3  174  129  101
  184  156  172   80  145   95   37    5   95   75
  199  127  109  144   71   10  129   17  131  165

  Bi   hi   su   su
           time cost
 PSIZE,CV,TBO,TSCAP,AVGCAP =      1    2    2    1    7
