   10   20
    1
 1151
 1.00 0.90  65. 300.
 1.00 1.20  21. 200.
 1.00 1.20  54. 300.
 1.00 1.20  54. 250.
 1.00 1.20  32. 100.
 1.00 1.00  43. 250.
 1.00 1.00  65. 250.
 1.00 0.90  21. 100.
 1.00 1.10  65. 250.
 1.00 1.00  54. 150.
   82    0  127    0    0    0    0    0    0   45
   20  112    0  158  168    0   53    0  188    0
  117   55    0  129  181    0    0    0   96    0
    0    0    0   10   29   86   10    0    0   85
   51   67  106  183  107   16  193  113   73  153
  193    7  198   23  148    6   25   95   95    9
  140   88  135   81  135  130  106  103   72  118
    8  163   23  112    6   97   75   83  193  139
   15  148   73  187  183    4   50   57   93  197
  180  112   65  152   46   36  199  167  120  107
  188   32   85  172  110   12   47  174  130   10
  185  128   15  128  164   43  124   92   74   15
   31   48   11   30   78  153  155  103  109  120
  145   93   23   42   38   51  159   13  184   93
  127    2  155   32  128   14   24   19   92  135
   47  169  103  199  124  186  194  171  181  110
   47  156   34  133   20  123   93   87   79   78
  139  179  138  114  191   93  181  196   17  131
  168   43  194   78   71    7  104  108  113  106
  136  154   25  190   19  186   52   12    8  132

  Bi   hi   su   su
           time cost
 PSIZE,CV,TBO,TSCAP,AVGCAP =      1    2    2    2    9
