   10   20
    1
 1117
 1.00 1.10  17. 250.
 1.00 0.80  17. 250.
 1.00 0.80  11. 100.
 1.00 1.10   8. 300.
 1.00 0.80   8. 250.
 1.00 1.00  11. 150.
 1.00 1.00   5. 200.
 1.00 1.10   8. 150.
 1.00 1.20   5. 300.
 1.00 0.90  11. 250.
  158    0    0  170    0  167   99  187    0   77
   65    7   59   85  140   29    0    0    0    0
    0    0    7    0    0    0    0    0    0    0
    0    0  135    0   58   36   93    0  123   80
  117   37  144   61  180   43  105  193   69  133
  114   23  186   12   76  110   30   57   72   76
   81   72  184   73  121   19  104  194  186  172
   45   84   52   80  165  111   69  145  183   16
  122  122  155  141  109   38  111   68   38  123
  128   80   79   35   13  160  161  186  111  118
   14   96  196   60   90  152   56   96   20  100
  170  185   40   49  131   77   36   38  103   26
  181  160  124   81  110    0   71  191  116    4
  158   27   77  181  112   59  111   79   97   44
   34    5  126   41  104  199  116  140  199  144
   97  151    3  181  171   81  161  177  164   72
   65  152   50   56   83  151    7  110  140   39
  185   62  188   71   79    0  109  195   57   79
  117  149  135   29  160   11  168   18   51  143
  123  101  127   45   13   72   77   81   69  171

  Bi   hi   su   su
           time cost
 PSIZE,CV,TBO,TSCAP,AVGCAP =      1    2    2    1    8
