   10   20
    1
 1151
 1.00 1.20  32. 200.
 1.00 0.90  21. 100.
 1.00 0.90  65. 100.
 1.00 0.80  43. 300.
 1.00 1.00  32. 200.
 1.00 1.00  32. 150.
 1.00 1.10  21. 300.
 1.00 1.20  32. 300.
 1.00 1.10  54. 200.
 1.00 1.00  54. 250.
   71    0  168    0    0    0   16    0   18    0
    2    5    0    0  143  145  119    0    0    0
    0    0    0    0   99   75   64    0  114    0
    0  187    0  172  114    0  198   58   64    0
  156  155  183  142  110   39    8   96   54  105
   84   74  178   24    6   16   40   93  152  135
    4  106  145  103  176  194   45   17   93  159
   73    9    6  147  155   49  130   74  131  166
  127  151  178  141  139  108   50  189  189   22
  116   37  150   91   70    1   81   34   93    5
   36  164  177   42  126  110   59  126  159   27
   67  128  199  133  135  146   84   70  149  193
   48  138  120  127   95   68  162  178   65   51
  125   22  194   72  140   24  193   46   28  147
  159   68   79  129  111   45  131  117  156   81
  176  159  150   31  157  186   41  151   61   30
   28   97   75  182  142  110   42  126  114  177
   19   87  106  127    1   50   92   55  135   45
  157   59   75   78  171   50   18   53  156  180
   23   87   66  143  190  175  133  119   56  138

  Bi   hi   su   su
           time cost
 PSIZE,CV,TBO,TSCAP,AVGCAP =      1    2    2    2    9
