   10   20
    1
 1329
 1.00 0.80  43.  800.
 1.00 1.00  21.  600.
 1.00 1.00  21. 1200.
 1.00 1.00  32.  400.
 1.00 1.20  32. 1000.
 1.00 1.20  54.  800.
 1.00 0.90  65. 1200.
 1.00 1.00  54.  600.
 1.00 1.00  43. 1200.
 1.00 0.80  43.  400.
    0   25    0   87   99    0   54   41    0    0
    0  179    0    0    0   77    0  176    0    0
    0  116    0   80  117    0    0  194  146   47
    0   10    0  123    0  179    0  174   74    0
   51   93   54   22   45   68  164  193   32   42
  160   98   42  115   51   40  178   19  176    1
  183  195   94  157   57  159  160   87  180  132
   77   30  101   79  178  183   72  118  109   13
   58   34   74  100  197  130   41   64   15  113
   89  138  188    1   92   95  131  108  108  182
  189  175   43   45   84   55    4  121   33  187
  130    8   73  128  156   92  138  165   75  171
  180    3  167   91   44   81   51   98   78  189
  155   32  128   17   37   69   45   56  125  182
   60  194  123  125  160   43  159   85  171    1
  123   67   42   49  118    4  143  143  114  151
   77  189   62  150   65  164  115  102  100   82
  100   35  152  124   41   13  103   50   26  104
  129  132   55  140   72   45   32  180  103   16
  123  132    1  112    7    2  148  193   45   25

  Bi   hi   su   su
           time cost
 PSIZE,CV,TBO,TSCAP,AVGCAP =      1    2    4    2    7
