   10   20
    1
 1087
 1.00 1.00   5.  600.
 1.00 0.90   8.  600.
 1.00 0.80   8.  400.
 1.00 1.20  17. 1000.
 1.00 1.10   5.  400.
 1.00 0.90   5.  600.
 1.00 1.10  14.  400.
 1.00 0.80  11.  400.
 1.00 0.90  11.  800.
 1.00 1.10  17.  600.
    0    0    0   95    0    0  199  180   98    0
    0    0  178  147   70   83  132    0    0    0
   50   35  158  155   65    0  165    0   21   93
    0   81  112    8    0  172    0  125    0    0
  176   74   85  109   59   36   78  105  189   49
  173  115   28    7  190  178   55  190  150  199
   69  185  103  173   81   48  176  133  114  126
   37   75   74   41  195   96   66   41  147   38
   27   11   25   51   74  148   56  128  196   16
  127  147  154  147  151   24  112  195  128  141
  115  176    2   93   88  186   58  155  124   17
  174  197   79   57   44  152   34   68   61   60
    5   89   47   11   41  147   33   97   29  148
  149    6   17   48  131   87   89  140  198   39
   48  133  102  161   18  198  122  188  118   35
  126  171    0   14   81  114  120  106  180  192
    5  194   14   28   43    7   50   34  155  146
   37  131  184   23   60  151   84   33   62   74
   50   40  191   85   35  167    5  175  114   14
  131  191   62  142   20   52  131   55   46  177

  Bi   hi   su   su
           time cost
 PSIZE,CV,TBO,TSCAP,AVGCAP =      1    2    4    1    8
