   10   20
    1
 1087
 1.00 1.00   8.  800.
 1.00 1.00  14.  800.
 1.00 1.00  17.  600.
 1.00 0.80   5. 1000.
 1.00 1.20   5.  400.
 1.00 1.00   5.  400.
 1.00 1.10  17. 1000.
 1.00 0.80  17.  400.
 1.00 1.00  17.  400.
 1.00 1.20   8. 1200.
  183  190    0  160  150    0    0    0   66    9
   60   79   97    0   27    0   55    0    0    0
  199  154    0    0    7    0    0  138    0   41
    0  107    0    0    0    0    0   20  124  101
  124   21  199  101   63   17  134  182  194    2
   58  126  173  102   63  112   42   13  101   32
   37  133  194  169  173   77  126  118   99  158
  126  106   40   45  106  174  163   88   59  190
  115    4  164   60   34   61   56  181   93  148
  115  125   22   90   97  156  129   38   63   34
   33   89  188  170   21   47   97  105  146   17
    6   81  186  117  145  116   51  134   78  124
   94  184    3   35  184   97  152    4   84   23
  102  156  191  178   45   34  193  158  117  159
   94  128   96   66  142   81   80  133   26  157
   30   98   67   31  185  133  146  101  161  129
  197   16  115   91  136  163  174   33  192  151
  192  120  121   63  170  170   53   47  197   62
   92  150  132  102  169   60   93  167   20   66
   13   84  145   62  184   52  129   41   79   60

  Bi   hi   su   su
           time cost
 PSIZE,CV,TBO,TSCAP,AVGCAP =      1    2    4    1    8
