   10   20
    1
 1049
 1.00 1.00  21.  600.
 1.00 0.80  43.  400.
 1.00 0.80  32.  800.
 1.00 0.90  54.  600.
 1.00 1.10  32.  400.
 1.00 1.00  43.  800.
 1.00 0.90  32. 1000.
 1.00 1.00  54. 1200.
 1.00 1.20  54. 1000.
 1.00 1.20  65.  400.
    0    0    0   78   21   36    0   30  139    0
    0    0    0    0    0    0  174   13  171    0
    0   62    0   62    0    0   18    0    0    0
   43    0    0    0   73    0    0    0    0  107
   30   71  122   37  107   53  114  146   43   64
  193   87  131  164  116   11   93    8  153  167
  168   66  137  159   43   66    2   19   94  144
  182   19   51  131   60  174   14  179   61  121
  109   93  195  173   83   58  128  179   18   68
    8   40  163  134   17  196  119   80  152  132
  181    9  193  175  118  136  156  138   90  157
  190  165   77  186   44   66    0    4   24  101
  142  121    0  191   48  151  196   43  189   49
   75  166   49   51   58   91  176   82  133  110
  106  161   87  169   77   57  162  177   58  120
  137  147  183    1  131  115   43   99  153  197
   33   22   30  179  115  187   65   89  101  191
  190  112   85  129   71  121   31   74  130   59
  178   42  117   64    5   52   61   99  196   29
    3  159   44  175  160   68  173   42  153   62

  Bi   hi   su   su
           time cost
 PSIZE,CV,TBO,TSCAP,AVGCAP =      1    2    4    2    9
