   10   20
    1
 1049
 1.00 1.20  65.  600.
 1.00 0.90  65. 1200.
 1.00 0.80  43. 1200.
 1.00 0.90  54. 1000.
 1.00 0.80  21.  400.
 1.00 0.90  32.  600.
 1.00 0.90  21.  600.
 1.00 1.20  32.  800.
 1.00 0.80  54.  400.
 1.00 0.90  43.  800.
  151    0    0  198   46    0    0    0   32    0
    0    0  157    0  177    0  157    0   13    0
   70  106    0    0   67    0    0    0    0    0
   31    0    0   43    0   77    8    0  118    0
  112  101  115   76   55  158  176  180   68   26
   43   19  129  133  161   92   94  125   83  118
  126  110   57  116  120  186  126  192   10  123
  178  156  125   18   64   21  153   44  121   65
  181    5  169   84   92   77   28  190  190  121
  138  147  171   39   50  147  157  158  190  163
  168    3  153   16   42  109   20    1   27  147
  165  106   46   76    6  161   33   87  178  125
   50  165   51  166   54   78  142   92  139   75
  173   82  154   33   42  150   50   72  140   33
   42  158   88  196   18   38   62   29   15   30
   46    0  184   10  184  117   62   93  152   38
  189   95  101   40   80   83  152  116  192   88
  138   99  110  161   58   41  125  112  179  141
   30  121  195  165  144  156  178    3   85   37
  182   67  104  164  121  138  147  174   56   29

  Bi   hi   su   su
           time cost
 PSIZE,CV,TBO,TSCAP,AVGCAP =      1    2    4    2    9
