5 25
28 39 51 85 27 67 55 25 59 102 66 100 44 73 84 52 18 52 52 60 71 104 63 90 26 
49 52 76 74 49 9 91 86 8 42 88 58 19 16 66 96 19 51 94 14 22 40 87 22 38 
65 46 44 48 19 57 87 53 109 29 68 10 62 88 40 28 25 58 78 67 18 67 15 96 21 
71 56 87 39 10 66 89 95 95 93 68 74 100 59 44 77 41 101 17 64 74 56 48 66 17 
38 73 39 57 30 67 45 29 63 63 41 92 45 94 48 73 61 61 27 51 83 41 8 90 77 
80 78 67 25 75 40 63 94 58 18 46 12 67 41 37 51 93 54 50 49 41 15 58 24 75 
71 52 30 38 59 97 14 18 93 78 22 50 85 91 52 24 87 53 10 96 89 81 28 82 74 
56 60 69 65 84 50 20 62 11 86 48 100 46 17 66 90 78 48 27 39 95 40 96 19 92 
34 57 14 77 97 48 20 10 20 11 48 33 19 54 62 33 60 12 100 50 27 51 60 50 96 
71 39 79 62 83 50 56 91 52 56 78 18 59 26 57 36 47 40 82 62 33 66 94 15 37 
209 235 234 182 222 
