5 25
63 84 85 20 6 98 27 79 69 80 81 28 19 75 30 45 3 71 61 79 23 98 53 62 84 
58 33 58 86 30 26 68 93 1 23 59 51 5 85 58 45 74 88 37 49 69 31 17 42 15 
80 66 45 69 33 57 17 56 74 21 108 24 49 27 38 96 8 97 79 20 55 99 55 75 34 
98 70 87 43 25 39 33 101 67 79 97 103 64 42 106 76 88 75 46 48 85 37 55 63 76 
30 44 93 10 77 27 25 85 19 18 17 23 28 107 65 37 18 40 41 22 21 50 84 76 7 
52 31 31 97 96 11 90 24 52 29 28 76 95 26 85 75 100 47 42 27 81 21 52 55 32 
45 72 44 18 85 87 33 11 100 86 43 69 99 34 44 64 38 32 83 63 50 85 96 73 99 
40 36 61 47 75 51 86 57 34 87 12 77 55 78 80 10 95 21 27 87 66 20 63 44 76 
13 46 24 71 78 67 77 10 41 25 12 16 44 74 11 25 18 40 59 69 27 66 54 51 45 
91 60 19 93 33 78 86 34 99 95 86 84 76 12 46 79 97 66 64 84 98 53 33 30 94 
216 248 221 170 270 
