5 25
70 58 36 53 14 61 20 58 75 89 71 96 95 47 24 19 82 72 72 23 36 63 77 91 97 
98 72 76 65 17 88 102 71 77 59 90 57 10 81 61 86 20 18 103 35 22 93 100 39 47 
68 61 22 97 66 56 100 83 65 60 80 51 87 26 66 52 58 57 21 34 20 79 46 48 49 
74 28 71 30 16 79 72 104 75 29 80 37 61 57 50 21 59 96 65 60 19 39 52 71 47 
19 19 93 74 26 90 50 98 59 77 48 84 23 103 35 75 41 69 70 53 24 59 42 27 49 
45 62 84 63 88 43 100 52 34 32 46 11 11 71 87 94 24 32 30 93 71 58 34 17 15 
13 31 38 42 98 26 12 32 24 62 16 48 93 23 49 35 94 95 10 71 95 18 19 64 60 
33 53 85 10 47 48 15 36 56 48 29 55 28 77 38 68 44 47 82 70 98 25 71 60 69 
40 79 30 89 99 29 33 10 33 74 29 67 60 50 54 85 53 11 55 48 82 76 53 48 71 
86 88 17 36 92 30 51 23 49 33 62 32 80 18 79 41 74 43 46 54 85 56 70 76 69 
207 186 206 217 222 
