5 25
84 48 71 58 84 37 83 42 85 12 86 45 70 50 61 81 88 91 44 41 64 56 52 27 43 
73 17 94 98 68 105 79 78 70 40 81 50 87 59 18 35 75 35 25 70 12 29 30 59 24 
104 81 44 27 80 56 30 50 31 52 29 86 74 57 64 30 41 40 22 78 36 20 65 27 62 
101 42 72 35 86 37 53 110 47 15 18 66 24 40 57 77 106 35 94 44 30 75 95 69 85 
102 102 56 48 73 50 30 63 15 32 45 15 6 25 52 18 68 48 48 45 53 68 43 13 35 
17 70 48 44 18 69 36 73 28 98 28 75 39 56 44 27 31 25 58 71 56 64 64 84 63 
42 87 16 22 33 16 31 25 31 70 37 67 16 57 96 75 45 74 83 38 92 77 87 55 85 
17 29 77 83 38 49 81 67 79 49 84 32 37 47 52 79 61 75 82 27 69 96 38 85 53 
19 68 40 83 25 84 54 10 54 88 84 50 85 70 58 41 11 75 14 67 82 36 11 49 20 
15 18 48 67 42 58 81 57 96 72 70 98 97 95 68 84 33 69 64 76 59 43 64 91 71 
205 217 237 204 261 
