5 25
77 75 65 25 76 73 54 62 58 24 60 104 84 99 31 16 100 69 33 6 51 91 28 89 31 
34 69 97 83 81 42 102 10 85 25 86 23 28 42 15 70 38 105 50 84 59 57 74 5 84 
41 106 66 54 84 57 95 23 61 13 36 60 57 58 51 95 82 59 44 9 16 55 75 32 48 
89 83 67 48 26 89 14 107 3 66 35 20 48 25 93 42 99 105 96 32 38 95 99 61 79 
92 36 56 19 34 44 60 50 30 64 13 9 12 29 27 71 81 74 20 104 30 45 85 62 14 
24 39 50 78 26 37 62 45 46 95 46 13 32 11 78 99 16 40 70 96 66 27 82 31 80 
74 37 22 34 20 77 16 95 16 94 28 88 77 68 91 49 80 11 65 30 47 53 37 100 33 
79 12 53 65 30 52 25 88 57 88 67 54 64 48 58 21 21 49 63 99 92 55 30 69 60 
28 35 34 65 95 31 98 10 98 39 67 90 69 94 15 72 12 13 18 88 63 26 12 52 30 
20 81 50 88 74 70 61 68 91 43 94 95 93 89 90 31 20 37 82 15 72 76 27 45 96 
206 214 223 200 257 
